00000000000001111000000000000000
00000000000111111100000000000000
00000000000111111111000000000000
00000000001111111110000000000000
00000000111111111111000000000000
00000000111111111111110000000000
00000000111111111111111000000000
00000000111111111111111000000000
00000001111011111111111000000000
00000001110011111111111000000000
00000001100111111001111110000000
00000011100111110001111111000000
00000011100111110000011111000000
00000001100111110000011111000000
00000011001111100000011110000000
00000011001111100000011110000000
00000000001111000000001110000000
00000000001111100000011110000000
00000000001111100000011110000000
00000000011111000000111100000000
00000000011111000000111100000000
00000000011111000001111100000000
00000000011111000001111100000000
00000000001111000001111000000000
00000000001111100011111000000000
00000000011111001111110000000000
00000000011111001111100000000000
00000000011111111111100000000000
00000000001111111111100000000000
00000000000111111110000000000000
00000000001111111100000000000000
00000000000111111000000000000000
