00000000011111100000000000000000
00000000111111110000000000000000
00000000111111111000000000000000
00000001111111111100000000000000
00000011111111111100000000000000
00000011111111111111000000000000
00000111111001111111100000000000
00000111111000111111100000000000
00000111111000011111110000000000
00000111111000001111111000000000
00000111111000001111111000000000
00000111111000000011111100000000
00000111111000000011111100000000
00000111111000000011111100000000
00000111110000000001111100000000
00000111110000000001111110000000
00000111110000000000111110000000
00000111110000000000111110000000
00000111111000000000111110000000
00000111111000000000111100000000
00000111111000000001111100000000
00000011111000000001111100000000
00000011111100000001111100000000
00000011111100000011111100000000
00000011111100000011111100000000
00000011111100000111111100000000
00000011111111111111111000000000
00000000111111111111100000000000
00000000111111111111000000000000
00000000011111111110000000000000
00000000001111111000000000000000
00000000000000000000000000000000
