00000000000001111100000000000000
00000000000111111110000000000000
00000000001111111111100000000000
00000000111111111111100000000000
00000001111111111111110000000000
00000001111111111111110000000000
00000001111111111111110000000000
00000011111110001111111000000000
00000011111110000111111000000000
00000011111110000011111100000000
00000011111110000011111100000000
00000011111100000001111100000000
00000011111100000000111100000000
00000011111100000000111100000000
00000011111100000000111100000000
00000111111000000000111100000000
00000011111000000000011110000000
00000011111000000000111110000000
00000011111100000000111110000000
00000011111100000000111110000000
00000011111100000000111100000000
00000011111100000001111100000000
00000001111110000001111100000000
00000001111110000011111100000000
00000001111111000111111100000000
00000000111111001111111000000000
00000000111111011111110000000000
00000000011111111111110000000000
00000000011111111111100000000000
00000000001111111111100000000000
00000000000111111110000000000000
00000000000111111100000000000000
