00000000000111110000000000000000
00000000001111111000000000000000
00000000011111111100000000000000
00000000011111111111000000000000
00000110011111111111100000000000
00001111111111111111110000000000
00001111111111011111110000000000
00001111111110000111111000000000
00001111111100000011111100000000
00001111111100000011111100000000
00001111111100000011111100000000
00001111111100000000111110000000
00001111111100000000011110000000
00001111111000000000011110000000
00001111100000000000011110000000
00000111100000000000001111000000
00000111100000000000001111000000
00001111100000000000001111000000
00000111110000000000000111100000
00000111110000000000001111100000
00000111110000000000011111100000
00000111110000000000011111100000
00000011111000000000011111100000
00000011111000000000111111100000
00000001111000000001111111000000
00000001111100000011111111000000
00000000111111111111111111000000
00000000111111111111111110000000
00000000111111111111111100000000
00000000011111111111111000000000
00000000000111111111111000000000
00000000000011111111110000000000
