00000000000011000000000000000000
00000000000111100000000000000000
00000000011111111100000000000000
00000000001111111111000000000000
00000000011111111111100000000000
00000000111111111111110000000000
00000000111111111111110000000000
00000000111111011111111000000000
00000000111111000001111100000000
00000000111110000000111100000000
00000001111110000000111100000000
00000001111100000000111100000000
00000001111000000000111100000000
00000011111000000000111100000000
00000001111100000000111110000000
00000001111100000000111110000000
00000001111100000000111110000000
00000001111000000000111110000000
00000011111000000001111100000000
00000001111100000000111110000000
00000001111000000001111100000000
00000001111000000011111000000000
00000011111000000011111000000000
00000011111000000111111000000000
00000001111000001111110000000000
00000000111110011111111000000000
00000000111111111111110000000000
00000000111111111111110000000000
00000000111111111111100000000000
00000000011111111111100000000000
00000000001111111111100000000000
00000000000011100000000000000000
