00000000111111100000000000000000
00000000111111111000000000000000
00000001111111111100000000000000
00000011111111111110000000000000
00000111111111111110000000000000
00000111111111111111000000000000
00000111111100111111100000000000
00000111111110001111110000000000
00000111111110000111110000000000
00000111111110000111110000000000
00000011111110000011111000000000
00000011111100000001111000000000
00000011111100000001111100000000
00000011111100000001111100000000
00000011111100000000111100000000
00000011111100000000111100000000
00000011111100000000111100000000
00000011111100000000111100000000
00000011111100000000011110000000
00000011111000000000011110000000
00000011111000000000011110000000
00000111111000000000011110000000
00000111111000000000111110000000
00000011111100000000111110000000
00000011111100000000111110000000
00000011111100000001111110000000
00000011111111001111111100000000
00000001111111111111111100000000
00000001111111111111111000000000
00000001111111111111110000000000
00000011111111111111100000000000
00000000111111111100000000000000
