00000000000000111000000000000000
00000000000011111100000000000000
00000000000111111110000000000000
00000000000011111111000000000000
00000000000111111111100000000000
00000000001111111111100000000000
00000011001111110011110000000000
00000011111111100011111000000000
00000111111110000000111000000000
00000111111110000000111000000000
00000111111110000000011000000000
00000111111110000000001100000000
00000111111110000000001100000000
00000111111110000000001100000000
00000111001100000000001100000000
00000011100110000000001110000000
00000011000000000000001110000000
00000011100000000000001110000000
00000001110000000000001111000000
00000011110000000000001110000000
00000011110000000000011110000000
00000001110000000000111100000000
00000000111000000000011110000000
00000000111100000000111110000000
00000000111110000001111000000000
00000000011100000111111000000000
00000000001111111111111000000000
00000000001111111111110000000000
00000000001111111111110000000000
00000000000111111111100000000000
00000000000001111110000000000000
00000000000000110000000000000000
