00000000000111100000000000000000
00000000000111111000000000000000
00000000011111111100000000000000
00000000011111111110000000000000
00000000111111111110000000000000
00000001111111111111100000000000
00000001111111111111110000000000
00000001111111111111111000000000
00000001111111111111111000000000
00000011111111110001111100000000
00000011111111100000111100000000
00000011111111000000011100000000
00000111100110000000011100000000
00000011100011000000001110000000
00000011100000000000001110000000
00000011100000000000001110000000
00000011100000000000001110000000
00000011100000000000011110000000
00000011000000000000011110000000
00000111000000000000011100000000
00000011110000000000001110000000
00000011100000000000111110000000
00000001110000000000111100000000
00000001110000000001111100000000
00000001110000000011111000000000
00000001110000000011111000000000
00000001111000000111110000000000
00000000111100000111111000000000
00000000011111111111100000000000
00000000011111111111000000000000
00000000001111111110000000000000
00000000000011110000000000000000
