00000000000000100000000000000000
00000000000111111100000000000000
00000000011111111100000000000000
00000000011111111111000000000000
00000000011111111111000000000000
00000000111111111111000000000000
00000000111111111111100000000000
00000000111111110011110000000000
00000000111111000001110000000000
00000001111110000001111000000000
00000011111110000000111000000000
00000001111110000000011100000000
00000001111110000000011100000000
00000011111100000000011100000000
00000011111100000000011100000000
00000001111110000000001110000000
00000011111110000000011110000000
00000011111110000000011110000000
00000001111111000000011110000000
00000001111111000000011110000000
00000001111110000000111110000000
00000011111110000001111100000000
00000001111001000001111100000000
00000001111000000111111100000000
00000001111111111111111000000000
00000000111111111111110000000000
00000000011111111111110000000000
00000000011111111111110000000000
00000000011111111111000000000000
00000000011111111111000000000000
00000000000111111100000000000000
00000000000011100000000000000000
