00000000000011100000000000000000
00000000001111111000000000000000
00000000011111111100000000000000
00000000111111111100000000000000
00000000111111111110000000000000
00000001111110011111000000000000
00000011111100011111100000000000
00000011111000011111100000000000
00000111110000111111110000000000
00000011110000001111111000000000
00000011110000001101111100000000
00000111100000000100111100000000
00000111100000000000111100000000
00000111100000000000111100000000
00000011100000000000011110000000
00000111000000000000011110000000
00000111000000000000011110000000
00000111000000000000011110000000
00000111000000000000011110000000
00000011100000000000011110000000
00000011100000000000011110000000
00000011100000000000011110000000
00000011110000000000111110000000
00000011110000000000111100000000
00000000111100000000111100000000
00000000111100000001111100000000
00000000111110000011111000000000
00000000111111101111111000000000
00000000011111111111110000000000
00000000000111111111110000000000
00000000000111111111100000000000
00000000000000000000000000000000
