00000000000000010000000000000000
00000000000011111110000000000000
00000000000111111110000000000000
00000000001111111111000000000000
00000000011111111111000000000000
00000000111111111111100000000000
00000000111111000011111000000000
00000000111110000001111000000000
00000001111100000000111000000000
00000001111100000000111000000000
00000011111000000000011100000000
00000011111000000000011100000000
00000111110000000000011100000000
00000011110000000000001110000000
00000011110000000000001110000000
00000011110000000000001110000000
00000111100000000000001110000000
00000111100000000000001110000000
00000111100000000000001110000000
00000111100000000000001110000000
00000011110000000000001110000000
00000011110000000000001110000000
00000001110000000000001110000000
00000001110000000001111100000000
00000001110000000001111100000000
00000001111000000111111100000000
00000001111100000111111000000000
00000000011111111111111000000000
00000000011111111111111000000000
00000000000111111111000000000000
00000000000111111110000000000000
00000000000011111000000000000000
