00000000000111111000000000000000
00000000001111111100000000000000
00000000011111111110000000000000
00000000001111111111100000000000
00000000011111000111100000000000
00000000111110000001110000000000
00000000111100000001111000000000
00000000111100000001111000000000
00000001111100000000111000000000
00000011111100000000111000000000
00000011111100000000110000000000
00000011111100000000001100000000
00000011111100000000011100000000
00000011111100000000001110000000
00000111110000000000001110000000
00000011100000000000001110000000
00000011100000000000001110000000
00000011100000000000001110000000
00000011100000000000001110000000
00000011010000000000001110000000
00000010110000000000001110000000
00000011111000000000001110000000
00000011111000000000011110000000
00000011111000000000011110000000
00000001111100000000111100000000
00000000111110000000111100000000
00000000111111000001111100000000
00000000111111110001111000000000
00000000011111111111111000000000
00000000011111111111110000000000
00000000000111111111100000000000
00000000000000011111000000000000
