00000000001111000000000000000000
00000000111111111000000000000000
00000000111111111000000000000000
00000001111111111110000000000000
00000011111111111111100000000000
00000011111111111111110000000000
00000011111111111111110000000000
00000111111111111111110000000000
00000111111001111111111000000000
00000111110000000111111100000000
00000111110000000111111100000000
00000111110000000011111100000000
00000111111000000001111100000000
00000111111000000001111100000000
00000111111000000001111100000000
00000111110000000000111100000000
00000111110000000000111100000000
00000111110000000000111110000000
00000111110000000000111110000000
00000111110000000001111100000000
00000111110000000001111100000000
00000111111000000001111100000000
00000111111000000001111100000000
00000111111000000011111000000000
00000111111110011111110000000000
00000011111111111111100000000000
00000011111111111111100000000000
00000001111111111111100000000000
00000001111111111110000000000000
00000000111111111100000000000000
00000000111111111100000000000000
00000000001111111000000000000000
