00000000000011100000000000000000
00000000001111111000000000000000
00000000001111111000000000000000
00000000001111111100000000000000
00000000011111111110000000000000
00000001111111111100000000000000
00000001111111111100000000000000
00000000111111100000000000000000
00000011111110000000000000000000
00000011111110000000000000000000
00000111111100000100000000000000
00000011111100111111110000000000
00000011111101111111110000000000
00000011111001111111111000000000
00000111111001111111111000000000
00000011111000111111111110000000
00000011110000111111111110000000
00000011110000011000111110000000
00000001110000000000001111000000
00000001110000000000000111000000
00000001110000000000000111000000
00000011111000000000000111000000
00000001111100000000000011100000
00000000111100000000000111100000
00000000111111000000111111100000
00000000111111111111111111100000
00000000011111111111111111100000
00000000001111111111111111100000
00000000001111111111111111000000
00000000001111111111111110000000
00000000000001111111111110000000
00000000000000001111111000000000
