00000000001111110000000000000000
00000000011111111000000000000000
00000000111111111100000000000000
00000000111111111110000000000000
00000000011111111110000000000000
00000000011111111110000000000000
00000000000100111111000000000000
00000000000000001111000000000000
00000000110000000111110000000000
00000000111000000111110000000000
00000001111000000001110000000000
00000001111000000001111000000000
00000011111000000001111000000000
00000011111000000000111000000000
00000011111000000000111100000000
00000011111000000000111100000000
00000011111000000000111100000000
00000111110000000000111100000000
00000111110000000000011110000000
00000111100000000000011110000000
00000111100000000000111110000000
00000111110000000000111110000000
00000111111000000000111110000000
00000111111010000111111110000000
00000111111111111111111100000000
00000011111111111111111100000000
00000011111111111111111000000000
00000011111111111111111000000000
00000001111111111111111000000000
00000000111111111111110000000000
00000000011111111111000000000000
00000000000111111100000000000000
