00000000000000001100000000000000
00000000000010001110000000000000
00000000001110011111000000000000
00000000001111111111100000000000
00000000011111111111110000000000
00000000111111111111110000000000
00000000011111111101111000000000
00000000111111110000111000000000
00000000111111110000111100000000
00000001111111100000111100000000
00000001111001000000111100000000
00000001111000000000111100000000
00000001111000000000111100000000
00000001111000000000011110000000
00000001111000000000001110000000
00000011110000000000011110000000
00000011110000000000011110000000
00000011100000000000111100000000
00000011100000000000111100000000
00000111000000000001111100000000
00000011100000000000111110000000
00000001100000000001111100000000
00000001110000000001111100000000
00000001111000000011111000000000
00000001111100001111110000000000
00000001111111111111110000000000
00000001111111111111100000000000
00000000011111111111100000000000
00000000011111111111100000000000
00000000001111111111000000000000
00000000000011111110000000000000
00000000000001111000000000000000
