00000000000011000000000000000000
00000000011111111000000000000000
00000000011111111100000000000000
00000000011111111111000000000000
00000000111111111111100000000000
00000000111111111111110000000000
00000001111100001111110000000000
00000001111000000111111000000000
00000001111000000011111000000000
00000001110000000011111000000000
00000011110000000001111100000000
00000011110000000000111100000000
00000011100000000000011100000000
00000011100000000000011100000000
00000011100000000000011100000000
00000111100000000000011100000000
00000111100000000000011110000000
00000111100000000000001110000000
00000111100000000000001110000000
00000111100000000000001110000000
00000111100000000000001110000000
00000111110000000000001100000000
00000011110000000000011100000000
00000011110000000000011100000000
00000001111000000000011100000000
00000001111100000000111100000000
00000001111110000001111100000000
00000000111111111111111000000000
00000000111111111111111000000000
00000000011111111111110000000000
00000000000011111111100000000000
00000000000000111111100000000000
