00000000010000111110000000000000
00000000111111111111000000000000
00000000111111111111100000000000
00000000111111111111100000000000
00000000111111111111110000000000
00000001111111111111110000000000
00000001111111110011110000000000
00000001111111000001110000000000
00000001111100000001111000000000
00000011111000000001111000000000
00000011110000000000111100000000
00000011110000000000111100000000
00000011110000000000111100000000
00000011110000000000011110000000
00000111110000000000011110000000
00000111110000000000011110000000
00000011110000000000001110000000
00000011110000000000001110000000
00000011110000000000001110000000
00000011110000000000001110000000
00000001110000000000011110000000
00000001110000000000011110000000
00000001110000000000111100000000
00000001110000000001111100000000
00000001111000000111111100000000
00000001111100111111111100000000
00000001111111111111111000000000
00000001111111111111111000000000
00000000111111111111000000000000
00000000111111111110000000000000
00000000011111111000000000000000
00000000000100000000000000000000
