00000000011100000000000000000000
00000000011110111100000000000000
00000000011111111110000000000000
00000000011111111111000000000000
00000000111111111111000000000000
00000001111111010011110000000000
00000000111111000001111000000000
00000000111110000001111000000000
00000000111100000000111000000000
00000000111100000000111000000000
00000001111100000000111000000000
00000011111100000000111000000000
00000011111000000000011000000000
00000001111100000000001100000000
00000001111000000000001110000000
00000011111000000000001100000000
00000011110000000000001100000000
00000011110000000000011100000000
00000011110000000000011100000000
00000111100000000000111100000000
00000011110000000000011110000000
00000011110000000000011110000000
00000011110000000000011100000000
00000011110000000000111000000000
00000011111000000001111000000000
00000011111100000111111000000000
00000001111100000111110000000000
00000000111111111111110000000000
00000000011111111111100000000000
00000000011111111111000000000000
00000000001111111100000000000000
00000000000011110000000000000000
