00000000000111000000000000000000
00000000001111000000000000000000
00000000011111111000000000000000
00000001111111111110000000000000
00000001111111111110000000000000
00000011111111011111000000000000
00000111111100001111000000000000
00000111111100000111000000000000
00000111111000000111110000000000
00000111110000000111110000000000
00000111110000000011110000000000
00000111100000000001110000000000
00000011110000000000111100000000
00000011110000000000111100000000
00000011110000000000111110000000
00000011110000000000011110000000
00000011110000000000011110000000
00000111110000000000011110000000
00000111110000000000011110000000
00000011110000000000111100000000
00000011110000000001111100000000
00000001111000000000111110000000
00000001111000000001111100000000
00000001111000000011111100000000
00000001111000000111111000000000
00000000111100001111110000000000
00000000111110011111100000000000
00000000111111111111100000000000
00000000011111111110000000000000
00000000011111111100000000000000
00000000000111111100000000000000
00000000000011110000000000000000
