00000000000111100000000000000000
00000000001111111100000000000000
00000000001111111110000000000000
00000111111111111110000000000000
00001111111111111111000000000000
00000111111111001111110000000000
00000111111100000111110000000000
00000111111000000011110000000000
00000011110000000000111000000000
00000111110000000000111000000000
00000111100000000000111000000000
00000111110000000000011100000000
00000111110000000000011100000000
00000111110000000000011100000000
00001111110000000000011100000000
00000011111000000000001110000000
00000111110000000000001110000000
00000111110000000000011100000000
00000011111000000000011110000000
00000011110000000000111110000000
00000011110000000000111100000000
00000011110000000001111100000000
00000001111000000000111100000000
00000001111000000001111100000000
00000001111000000111111000000000
00000000111100000111110000000000
00000000111110011111110000000000
00000000011111111111100000000000
00000000001111111111100000000000
00000000001111111111100000000000
00000000000011111100000000000000
00000000000001111100000000000000
