00000000011000000000000000000000
00000000111000000010000000000000
00000000111100001111110000000000
00000000111100111111111000000000
00000000111100111111111100000000
00000001111101111111111110000000
00000011111011111111111110000000
00000001111011111111111110000000
00000001111011111111111110000000
00000001111010000011111110000000
00000001111000000000111111000000
00000001111000000000011111000000
00000001111000000000011111000000
00000011110000000000011110000000
00000011110000000000011110000000
00000011110000000000011110000000
00000011110000000000011110000000
00000011110000000000011110000000
00000011110000000000011110000000
00000111111000000000011110000000
00000111110000000001111100000000
00000111110000000011111100000000
00000011110000000111111000000000
00000011111000011111111000000000
00000011111000011111111000000000
00000011111111111111110000000000
00000001111111111111100000000000
00000001111111111111000000000000
00000001111111111110000000000000
00000000111111111000000000000000
00000000011111111000000000000000
00000000000010000000000000000000
