00000000010000000011000000000000
00000000011000000111100000000000
00000000011000000111100000000000
00000000111000001111100000000000
00000001111100001111111000000000
00000001111100001111111000000000
00000001111100011111111100000000
00000001111100001111111100000000
00000001111100001111111110000000
00000001111100001111111110000000
00000011110000000011111100000000
00000011110000000001111100000000
00000011110000000001111100000000
00000111110000000000111110000000
00000111110000000000111110000000
00000111110000000000111110000000
00000111110000000000111110000000
00000011110000000000111110000000
00000011110000000000111110000000
00000011111000000000111110000000
00000011111000000000111110000000
00000011111000000001111110000000
00000011111111110011111110000000
00000111111111100111111100000000
00000111111111111111111100000000
00000011111111111111111000000000
00000001111111111111111000000000
00000001111111111111111000000000
00000000111111111111110000000000
00000000011111111100000000000000
00000000011111111100000000000000
00000000000011000000000000000000
