00000000000001111000000000000000
00000000000011111110000000000000
00000000001111111110000000000000
00000000000111111111100000000000
00000000001111111111110000000000
00000000001111111111110000000000
00000000011111110011110000000000
00000000111111100000111000000000
00000001111111100000111000000000
00000011111111000000111100000000
00000011111111000000111100000000
00000011110000000000111100000000
00000011110000000000011100000000
00000111100000000000011110000000
00000111100000000000011110000000
00000111100000000000011110000000
00000111100000000000011110000000
00000011100000000000011110000000
00000011100000000000011110000000
00000011110000000000011100000000
00000011110000000000011100000000
00000001110000000000111100000000
00000001110000000000111000000000
00000001111000000000111000000000
00000001111000000001110000000000
00000001111100000001110000000000
00000000111110000111100000000000
00000000011111101111100000000000
00000000011111111111000000000000
00000000001111111111000000000000
00000000000111111111000000000000
00000000000001111100000000000000
