00000000000000000111111000000000
00000000000000001111111000000000
00000000000000001111111100000000
00000000000000001111111110000000
00000000000000111111111110000000
00000000000001111111111110000000
00000000000111111111111110000000
00000000001111111111111110000000
00000000011111111111111110000000
00000000111111111111111100000000
00000011111111111111111100000000
00000111111111111111111100000000
00000111111111111011111110000000
00001111111111100111111110000000
00001111111110000111111100000000
00000111111100000111111100000000
00000011111000000111111100000000
00000000000000001111111100000000
00000000000000001111111100000000
00000000000000001111111100000000
00000000000000001111111000000000
00000000000000001111111100000000
00000000000000001111111100000000
00000000000000001111111000000000
00000000000000001111111000000000
00000000000000001111110000000000
00000000000000011111111000000000
00000000000000001111111100000000
00000000000000000111111100000000
00000000000000001111111100000000
00000000000000000111111110000000
00000000000000000011111100000000
