00000000000000001110000000000000
00000000000000111111110000000000
00000000000000111111111110000000
00000000000000111111111110000000
00000000000011111111111000000000
00000000000011111111111000000000
00000000000011111111111000000000
00000000000111111111110000000000
00000000000111111111110000000000
00000000011111111111110000000000
00000000011111111111110000000000
00000000111111111111110000000000
00000011111111111111110000000000
00000011111111111111110000000000
00000111111111111111110000000000
00000111111111111111110000000000
00000111111100111111110000000000
00000111111000111111110000000000
00000011100000111111110000000000
00000000000000111111111000000000
00000000000000111111111000000000
00000000000000111111111100000000
00000000000000111111111100000000
00000000000000111111111000000000
00000000000000111111111000000000
00000000000000111111111000000000
00000000000001111111111100000000
00000000000001111111111100000000
00000000000000111111111100000000
00000000000000111111111000000000
00000000000000111111111000000000
00000000000000000100000000000000
