00000000000011110000000000000000
00000000000111111000000000000000
00000000000111111110000000000000
00000000001111111110000000000000
00000000001111111110000000000000
00000000011111111110000000000000
00000000011111111111000000000000
00000001111111111110000000000000
00000001111111111110000000000000
00000111111111111110000000000000
00000111111111111110000000000000
00011111111111111100000000000000
00011111111111111110000000000000
00111111111111111100000000000000
00011111111111111110000000000000
00011111111111111100000000000000
00001111110111111100000000000000
00000011110011111110000000000000
00000000000111111110000000000000
00000000000111111110000000000000
00000000000111111100000000000000
00000000000111111100000000000000
00000000001111111100000000000000
00000000001111111100000000000000
00000000001111111100000000000000
00000000000111111100000000000000
00000000000111111100000000000000
00000000000111111110000000000000
00000000000111111100000000000000
00000000000111111100000000000000
00000000000111111100000000000000
00000000000001111100000000000000
