00000000000111100000000000000000
00000000001111111000000000000000
00000000000111111110000000000000
00000000001111111110000000000000
00000000001111111111000000000000
00000000001111111110000000000000
00000000001111111110000000000000
00000000011111111100000000000000
00000000001111111110000000000000
00000000001111111100000000000000
00000000001111111100000000000000
00000000001111111000000000000000
00000000001111111100000000000000
00000000001111111100000000000000
00000000001111111100000000000000
00000000001111111000000000000000
00000000001111111100000000000000
00000000000111111100000000000000
00000000000111111100000000000000
00000000000111111100000000000000
00000000000111111100000000000000
00000000000111111100000000000000
00000000001111111100000000000000
00000000000111111100000000000000
00000000001111111000000000000000
00000000000111111100000000000000
00000000000111111000000000000000
00000000000111111100000000000000
00000000000111111000000000000000
00000000000111111000000000000000
00000000000111110000000000000000
00000000000011100000000000000000
