00000000000000000001100000000000
00000000000000000111110000000000
00000000000000001111111000000000
00000000000000000111111100000000
00000000000000000111111100000000
00000000000000000111111100000000
00000000000000000111111000000000
00000000000000001111111000000000
00000000000000111111111000000000
00000000000001111111111000000000
00000000000001111111111000000000
00000000001111111111111000000000
00000000001111111111111000000000
00000000111111111111111000000000
00000111111111111111111000000000
00000111111111111111111000000000
00000111111110001111111000000000
00000111111100001111111000000000
00000011100000001111111000000000
00000000000000001111110000000000
00000000000000001111110000000000
00000000000000000111111000000000
00000000000000000111111000000000
00000000000000001111111000000000
00000000000000001111111000000000
00000000000000001111110000000000
00000000000000001111111000000000
00000000000000001111111000000000
00000000000000001111110000000000
00000000000000001111110000000000
00000000000000001111111000000000
00000000000000000001100000000000
