00000000000000000111100000000000
00000000000000000111110000000000
00000000000000000111111000000000
00000000000000011111110000000000
00000000000000011111110000000000
00000000000000001111110000000000
00000000000000011111110000000000
00000000000000011111110000000000
00000000000000111111110000000000
00000000000000111111110000000000
00000000000001111111110000000000
00000000000011111111110000000000
00000000001111111111100000000000
00000000011111111111110000000000
00000000111111111111110000000000
00000000111111111111110000000000
00000111111111111111110000000000
00000111111111111111110000000000
00000111111110011111110000000000
00000111111100011111110000000000
00000111110000011111110000000000
00000011000000111111100000000000
00000000000000111111100000000000
00000000000000111111100000000000
00000000000000011111100000000000
00000000000000011111100000000000
00000000000000011111110000000000
00000000000000001111110000000000
00000000000000001111110000000000
00000000000000000111111000000000
00000000000000001111111000000000
00000000000000000011100000000000
