00000000000000000001111000000000
00000000000000000111110000000000
00000000000000001111110000000000
00000000000000011111110000000000
00000000000000001111110000000000
00000000000000111111110000000000
00000000000000111111110000000000
00000000000000111111110000000000
00000000000001111111111000000000
00000000000011111111111000000000
00000000001111111111110000000000
00000000001111111111110000000000
00000000111111111111111000000000
00000000111111111111111000000000
00000111111111101111110000000000
00000111111110001111110000000000
00000111111100000111110000000000
00000111111000000111111000000000
00000011110000000111110000000000
00000000000000001111110000000000
00000000000000001111110000000000
00000000000000001111110000000000
00000000000000000111110000000000
00000000000000001111100000000000
00000000000000001111100000000000
00000000000000001111100000000000
00000000000000000111110000000000
00000000000000000111110000000000
00000000000000001111110000000000
00000000000000001111110000000000
00000000000000000111100000000000
00000000000000000011000000000000
