00000000000000111100000000000000
00000000000001111110000000000000
00000000000011111110000000000000
00000000000001111111000000000000
00000000000001111111100000000000
00000000000001111111000000000000
00000000000001111111000000000000
00000000000001111111000000000000
00000000000011111111000000000000
00000000000011111111000000000000
00000000000111111111000000000000
00000000000111111111000000000000
00000000000111111111000000000000
00000000011111111111000000000000
00000000111111111111000000000000
00000000111111111111000000000000
00000000111111111111000000000000
00000001111110111111000000000000
00000011111110111111100000000000
00000011111100111111100000000000
00000111110000111111100000000000
00000011110000011111100000000000
00000001100000011111110000000000
00000000000000011111110000000000
00000000000000011111111000000000
00000000000000001111111000000000
00000000000001111111111000000000
00000000000011111111111100000000
00000000000011111111111110000000
00000000000011111111111111000000
00000000000001111111111111000000
00000000000000111111111111000000
