00000000000000000111111000000000
00000000000000001111111100000000
00000000000000001111111100000000
00000000000000111111111000000000
00000000000000011111111000000000
00000000000000011111111100000000
00000000000000011111111000000000
00000000000000011111111000000000
00000000000000111111111000000000
00000011111111111111111000000000
00000111111111111111111000000000
00001111111111111111111000000000
00001111111111111111111000000000
00001111111111111111111000000000
00000111111111111111111000000000
00000001111110111111111000000000
00000000000000011111111000000000
00000000000000011111111000000000
00000000000000011111111000000000
00000000000000011111111000000000
00000000000000011111111000000000
00000000000000011111111100000000
00000000000000011111111100000000
00000000000000011111111100000000
00000000000000001111111100000000
00000000000000001111111110000000
00000000000000001111111110000000
00000000000000001111111110000000
00000000000000001111111110000000
00000000000000001111111110000000
00000000000000011111111100000000
00000000000000011111111100000000
