00000000000001111100000000000000
00000000000111111110000000000000
00000000000111111111000000000000
00000000001111111111000000000000
00000000001111111111000000000000
00000000111111111111000000000000
00000001111111111111100000000000
00000111111111111111000000000000
00111111111111111111000000000000
00111111111111111111000000000000
01111111111111111110000000000000
00111111111111111110000000000000
00111111111011111100000000000000
00001111000001111110000000000000
00000010000011111100000000000000
00000000000011111110000000000000
00000000000011111110000000000000
00000000000011111110000000000000
00000000000001111111000000000000
00000000000001111110000000000000
00000000000001111110000000000000
00000000000001111100000000000000
00000000000001111110000000000000
00000000000001111110000000000000
00000000000001111110000000000000
00000000000011111100000000000000
00000000000111111100000000000000
00000000000011111110000000000000
00000000000111111110000000000000
00000000000111111111000000000000
00000000000111111110000000000000
00000000000001111110000000000000
