00000000000000001111100000000000
00000000000000111111110000000000
00000000000001111111110000000000
00000000000000111111111000000000
00000000000001111111111000000000
00000000000001111111110000000000
00000000000011111111110000000000
00000000000011111111111000000000
00000000000111111111110000000000
00000000011111111111110000000000
00000000111111111111110000000000
00000111111111111111111000000000
00001111111111111111111000000000
00011111111111001111110000000000
00011111111111011111110000000000
00001111111111001111111000000000
00001111111000001111111000000000
00000111111000001111111000000000
00000001111000000111111000000000
00000000000000001111111000000000
00000000000000001111111000000000
00000000000000011111110000000000
00000000000000001111111000000000
00000000000000001111110000000000
00000000000000011111110000000000
00000000000000011111110000000000
00000000000000011111110000000000
00000000000000111111100000000000
00000000000000111111100000000000
00000000000001111111100000000000
00000000000000111111100000000000
00000000000000011111000000000000
