00000000011100000000000000000000
00000000011111000000000000000000
00000000111111110000000000000000
00000001111111110000000000000000
00000011111111110000000000000000
00000001111111111000000000000000
00000011111101111000000000000000
00000011111000111000000000000000
00000011110000111000000000000000
00000011110000111000000000000000
00000001111000011100000000000000
00000001111000111100000000000000
00000000000000111000000000000000
00000000000001111000000000000000
00000000000000111000000000000000
00000000000000111000000000000000
00000000000001111000000000000000
00000000000011110000000000000000
00000000000011110000000000000000
00000000000011110000000000000000
00000000000111110000000000000000
00000000001111100000000000000000
00000000001111100000000000000000
00000000001111100000000000000000
00000000011111000000111111000000
00000000111111000011111111100000
00000000111111111111111111100000
00000000111111111111111111100000
00000000011111111111111111110000
00000000111111111111111111110000
00000000011111111110000011000000
00000000001010000000000000000000
