00000001111111000000000000000000
00000001111111000000000000000000
00000011111111100000000000000000
00000011111111111000000000000000
00000011111111111100000000000000
00000011111111111100000000000000
00000111110001111110000000000000
00000111110001111110000000000000
00000111110001111110000000000000
00000111110001111110000000000000
00000111110001111110000000000000
00000011110001111100000000000000
00000011110001111100000000000000
00000011100001111100000000000000
00000000000001111100000000000000
00000000000001111100000000000000
00000000000011110000000000000000
00000000000111100000000000000000
00000000000111100000000000000000
00000000000111100000000000000000
00000000001111100000000000000000
00000000001111100000000000000000
00000000001111000000000000000000
00000000011110000000000000000000
00000000011110000000000000000000
00000000111111101000000000000000
00000001111111111111111000000000
00000011111111111111111110000000
00000011111111111111111110000000
00000011111111111111111110000000
00000001111111111111111111000000
00000000011110100001111111000000
