00000000111110000000000000000000
00000011111111000000000000000000
00000111111111100000000000000000
00000111111111100000000000000000
00000111111111110000000000000000
00000011111111110000000000000000
00000001001111111000000000000000
00000000000111110000000000000000
00000000000011111000000000000000
00000000000011111000000000000000
00000000000111100000000000000000
00000000000111100000000000000000
00000000001111100000000000000000
00000000001111100000000000000000
00000000011111000000000000000000
00000000011111000000000000000000
00000000111111000000000000000000
00000000111110000000000000000000
00000001111100000000000000000000
00000011111100000000000000000000
00000011111100000000000000000000
00000011111000000000000000000000
00000111110000000000000000000000
00001111100000000000000000000000
00001111100000000000000000000000
00011111111010101110010100000000
00001111111111111111111110000000
00001111111111111111111110000000
00000111111111111111111110000000
00000111111111111111111100000000
00000011111111111111100000000000
00000000111111111000000000000000
