00000000000000011000000000000000
00000000000111111100000000000000
00000000011111111110000000000000
00000000011111111111100000000000
00000001111111111111100000000000
00000001111111001111100000000000
00000001111100000111110000000000
00000001111100001111100000000000
00000011110000011111000000000000
00000001111000001111100000000000
00000001110000011111100000000000
00000011100000111110000000000000
00000000100000111111000000000000
00000000000000111110000000000000
00000000000001111100000000000000
00000000000001111100000000000000
00000000000011111100000000000000
00000000000111111000000000000000
00000000000111110000000000000000
00000000000111110000000000000000
00000000011111100000000000000000
00000000001111100000000000000000
00000000111110000000000000000000
00000000111110000000000000000000
00000000011110000000000001110000
00000000011110000000000111110000
00000000111110000001111111100000
00000000011111011111111111100000
00000000011111111111111110000000
00000000011111111111110000000000
00000000000111111111100000000000
00000000000000110000000000000000
