00000000111100000000000000000000
00000000111111000000000000000000
00000001111111000000000000000000
00000001111111110000000000000000
00000011111111111000000000000000
00000111111111111000000000000000
00000111111111111000000000000000
00000111110001111000000000000000
00000111100000111000000000000000
00000111100000111000000000000000
00000111100000111000000000000000
00000011100000111000000000000000
00000001110000011100000000000000
00000000100000011100000000000000
00000000000000011100000000000000
00000000000000011100000000000000
00000000000000011100000000000000
00000000000000111100000000000000
00000000000000111000000000000000
00000000000001111000000000000000
00000000000001110000000000000000
00000000000000111000000000000000
00000000000001111000000000000000
00000000000011110000000000000000
00000000011111111100000000000000
00000000111111111000000000000000
00000001111111111111111100000000
00000011111111111111111111000000
00000011111111111111111111000000
00000001111111111111111111000000
00000001111111111111111111000000
00000000110000011111111100000000
