00000000000111110000000000000000
00000000001111111000000000000000
00000000011111111000000000000000
00000000111111111100000000000000
00000001111111111110000000000000
00000011111100011110000000000000
00000011111100011110000000000000
00000011111000011111000000000000
00000011110000011111000000000000
00000011110000011111000000000000
00000011000000111110000000000000
00000000000000111110000000000000
00000000000000111110000000000000
00000000000001111100000000000000
00000000000001111100000000000000
00000000000001111100000000000000
00000000000011111000000000000000
00000000000011111000000000000000
00000000000011111000000000000000
00000000000011111000000000000000
00000000000111111000000000000000
00000000000111110000000000000000
00000000000111110000000000000000
00000000011111000000001000000000
00000000011111000000011100000000
00000000011111000000111100000000
00000000011110000001111110000000
00000000011111111111111110000000
00000000011111111111111100000000
00000000011111111111110000000000
00000000001111111111000000000000
00000000000111111100000000000000
