00000000000000011110000000000000
00000000000001111111000000000000
00000000000011111111100000000000
00000000000111111111100000000000
00000000001111111111100000000000
00000000111111111111100000000000
00000001111111111111100000000000
00000011111111001111100000000000
00000111111110001111100000000000
00000111111100011111100000000000
00000111110000111110000000000000
00000011100000111110000000000000
00000001000000111110000000000000
00000000000000111110000000000000
00000000000001111110000000000000
00000000000001111110000000000000
00000000000001111110000000000000
00000000000001111110000000000000
00000000000001111110000000000000
00000000000001111110000000000000
00000000000001111110000000000000
00000000000001111110000000000000
00000000000001111100000000000000
00000000000011111000000000000000
00000000000011111000000000000000
00000000000011111000000000000000
00000000000011111000001100000000
00000000000011111000111110000000
00000000000011111111111110000000
00000000000011111111111110000000
00000000000011111111111100000000
00000000000001111111110000000000
