00000000001110000000000000000000
00000000111111000000000000000000
00000001111111100000000000000000
00000000111111110000000000000000
00000001111111111000000000000000
00000011111111111000000000000000
00000111111111111100000000000000
00000111111001111100000000000000
00000111110001111100000000000000
00000111110001111100000000000000
00000111100001111100000000000000
00001111100001111100000000000000
00001111100001111000000000000000
00000111000001111000000000000000
00000000000011111000000000000000
00000000000011110000000000000000
00000000000011110000000000000000
00000000000111110000000000000000
00000000001111100000000000000000
00000000001111100000000000000000
00000000011111000000000000000000
00000000011111000000000000000000
00000000111110000000010100000000
00000001111110000011111110000000
00000001111100000111111111000000
00000001111101111111111111000000
00000001111111111111111110000000
00000001111111111111111100000000
00000001111111111111110000000000
00000001111111111100000000000000
00000000111111111100000000000000
00000000011111110000000000000000
