00000000000111111000000000000000
00000000001111111100000000000000
00000000011111111100000000000000
00000000111111111111000000000000
00000001111111111111000000000000
00000111111100011111000000000000
00001111111000011111000000000000
00001111110000011111000000000000
00001111100000111111000000000000
00011111100000111111000000000000
00001111000000111111000000000000
00001111000000111110000000000000
00000111100000111110000000000000
00000011000000111110000000000000
00000000000000111110000000000000
00000000000001111110000000000000
00000000000011111110000000000000
00000000000011111100000000000000
00000000000011111100000000000000
00000000000111111000000000000000
00000000000111111000000000000000
00000000000111111100000000000000
00000000001111111000000000000000
00000000011111111000000000000000
00000000011111110000000000000000
00000000011111100000000000000000
00000000111111110000000000000000
00000000111111111111111010000000
00000000011111111111111111000000
00000000011111111111111111100000
00000000000111111111111111100000
00000000000011111111111111000000
