00000000001111100000000000000000
00000000111111111000000000000000
00000001111111111000000000000000
00000001111111111000000000000000
00000001111111111100000000000000
00000011111111111100000000000000
00000011111001111100000000000000
00000011110001111100000000000000
00000011110001111100000000000000
00000111110001111100000000000000
00000111110001111100000000000000
00000011110001111100000000000000
00000011110001111100000000000000
00000011111001111100000000000000
00000011111111111000000000000000
00000001110011111000000000000000
00000000111111111000000000000000
00000000000111110000000000000000
00000000001111100000000000000000
00000000001111100000000000000000
00000000011111100000000000000000
00000000111111000000000000000000
00000001111111000000000000000000
00000001111110000000000000000000
00000111111110000000000000000000
00000111111110000000000000000000
00000111111111111100001100000000
00000111111111111111111100000000
00000001111111111111111100000000
00000001111111111111111110000000
00000001111111111000011100000000
00000000000000100000000000000000
