00000000011111110000000000000000
00000000011111111100000000000000
00000000111111111100000000000000
00000001111111111110000000000000
00000001111111111110000000000000
00000000111111111111100000000000
00000000111110001111100000000000
00000000111110001111100000000000
00000000111111001111100000000000
00000000011111001111100000000000
00000000001111100111110000000000
00000000000111100111110000000000
00000000000001000111110000000000
00000000000000000111110000000000
00000000000000000011111000000000
00000000000000000011111000000000
00000000000000000011111000000000
00000000000000000111110000000000
00000000000000000111110000000000
00000000000000000011111000000000
00000000000000000111111000000000
00000000000000000111110000000000
00000000000000001111110000000000
00000000000000000111111000000000
00000000000000001111110000000000
00000000011100011111110000000000
00000000111111111111100000000000
00000001111111111111111101000000
00000001111111111111111111110000
00000000111111111111111111111000
00000000011111111111111111110000
00000000001111111111111111100000
