00000000001111111000000000000000
00000000011111111100000000000000
00000000111111111100000000000000
00000000111111111111000000000000
00000111111111111111000000000000
00000111111111111111000000000000
00001111111110011111000000000000
00001111111000001111000000000000
00001111110000000111000000000000
00001111100000000111100000000000
00000111000000000111100000000000
00000000000000000111100000000000
00000000000000000111110000000000
00000000000000000111110000000000
00000000000000000111100000000000
00000000000000000111100000000000
00000000000000001111100000000000
00000000000000001111100000000000
00000000000000011111000000000000
00000000000000111110000000000000
00000000000001111110000000000000
00000000000001111111000000000000
00000000000001111110000000000000
00000000000111111100000100000000
00000000001111111000011110000000
00000000111111111111111111000000
00000000111111111111111111000000
00000000111111111111111111000000
00000000111111111111111111000000
00000000111111111111111000000000
00000000011111111111100000000000
00000000000011111000000000000000
