00000000000010000000000000000000
00000000011111000000000000000000
00000000111111000000000000000000
00000001111111110000000000000000
00000011111111111000000000000000
00000011111111111000000000000000
00000011111111111000000000000000
00000011111001111100000000000000
00000011110000111100000000000000
00000001100000111100000000000000
00000001000000111100000000000000
00000000000000011110000000000000
00000000000000011110000000000000
00000000000000111110000000000000
00000000000000111100000000000000
00000000000000111100000000000000
00000000000000111100000000000000
00000000000000111100000000000000
00000000000000111110000000000000
00000000000001111100000000000000
00000000000011111000000000000000
00000000000111111000000000000000
00000000000011111000000000000000
00000000000111111111110000000000
00000000011111111111111111000000
00000000111111111111111111000000
00000000111111111111111111110000
00000000111111111111111111110000
00000000111111111111111111110000
00000000111111111100000011110000
00000000000100000000000000111000
00000000000000000000000000011000
