00000000111100000000000000000000
00000000111110000000000000000000
00000011111111000000000000000000
00000011111111110000000000000000
00000011111111110000000000000000
00000011111111110000000000000000
00000111110011111000000000000000
00000111100001111000000000000000
00000111100001111000000000000000
00000111000001111000000000000000
00000111000000111000000000000000
00000111000000111000000000000000
00000111000001111000000000000000
00000011000001111000000000000000
00000000000001110000000000000000
00000000000001110000000000000000
00000000000001110000000000000000
00000000000001110000000000000000
00000000000011110000000000000000
00000000000111110000000000000000
00000000000111100000000000000000
00000000001111100000000000000000
00000000011111000000000000000000
00000000111111000000001000000000
00000001111111000000111100000000
00000011111111111111111110000000
00000011111111111111111110000000
00000011111111111111111110000000
00000011111111111111111110000000
00000011111111111111111110000000
00000001111100000000001111000000
00000000100000000000000000000000
