00000000011111100000000000000000
00000000111111110000000000000000
00000000111111110000000000000000
00000011111111110000000000000000
00000011111111110000000000000000
00000011111111110000000000000000
00000011110011110000000000000000
00000111110011110000000000000000
00000111100001111000000000000000
00000111100000111000000000000000
00000111100001111000000000000000
00001111000001111000000000000000
00001111000001111000000000000000
00000111000001111000000000000000
00000010000001111000000000000000
00000000000001111000000000000000
00000000000001111000000000000000
00000000000001110000000000000000
00000000000011110000000000000000
00000000000011110000000000000000
00000000000011110000000000000000
00000000000011110000000000000000
00000000000111100000000000000000
00000000000111100000000000000000
00000000001111110000000000000000
00000000011111111000000000000000
00000000111111111111111110000000
00000000111111111111111111000000
00000000111111111111111111000000
00000000111111111111111111000000
00000011111101111111111110000000
00000011111000000001111100000000
