00000000111100000000000000000000
00000001111110000000000000000000
00000011111111000000000000000000
00000011111111000000000000000000
00000111111111000000000000000000
00000111111111100000000000000000
00000111101111100000000000000000
00000111100111100000000000000000
00000111000111100000000000000000
00000111000111110000000000000000
00001111000011110000000000000000
00001111000011110000000000000000
00001111000011110000000000000000
00000111000011110000000000000000
00001110000011110000000000000000
00001110000011110000000000000000
00000100000011110000000000000000
00000000000011110000000000000000
00000000000011110000000000000000
00000000000011110000000000000000
00000000000111100000000000000000
00000000000111100000000000000000
00000000001111100000000000000000
00000000001111100000000000000000
00000000011111000000000000000000
00000000011111000000000100000000
00000000111111111000101110000000
00000001111111111111111110000000
00000001111111111111111111000000
00000011111111111111111111000000
00000011111111111111111110000000
00000001111111111111111100000000
