00000000001110000000000000000000
00000000111110000000000000000000
00000001111111100000000000000000
00000011111111110000000000000000
00000011111111111000000000000000
00000011111111111000000000000000
00000011110001111100000000000000
00000011110001111100000000000000
00000111110000111100000000000000
00000111100000111100000000000000
00000111110000111100000000000000
00000011110000111100000000000000
00000011111100111100000000000000
00000011111100111100000000000000
00000000111100111100000000000000
00000000010000111100000000000000
00000000000001111100000000000000
00000000000001111100000000000000
00000000000001111100000000000000
00000000000001111100000000000000
00000000000011111100000000000000
00000000000011111000000000000000
00000000000111111000000000000000
00000000001111111000000000000000
00000000011111111111011000000000
00000000111111111111111110000000
00000001111111111111111110000000
00000001111111111111111110000000
00000001111111111111111110000000
00000000111111111111111111000000
00000000011111111111111110000000
00000000000000000000000000000000
