00000000111110000000000000000000
00000000111111100000000000000000
00000001111111110000000000000000
00000011111111110000000000000000
00000011111111110000000000000000
00000111111111111000000000000000
00000111111111111000000000000000
00000111111111111100000000000000
00001111110011111100000000000000
00001111110001111100000000000000
00001111110011111110000000000000
00000111100001111110000000000000
00000000000001111110000000000000
00000000000001111110000000000000
00000000000001111110000000000000
00000000000001111110000000000000
00000000000001111110000000000000
00000000000001111100000000000000
00000000000011111100000000000000
00000000000011111100000000000000
00000000000111111100000000000000
00000000000111111100000000000000
00000000001111111000000000000000
00000001111111111110000000000000
00000011111111111111111000000000
00000011111111111111111100000000
00000011111111111111111110000000
00000011111111111111111111000000
00000011111111111111111111000000
00000001111100111111111111000000
00000000000000000001111111000000
00000000000000000000111110000000
