00000000001100000000000000000000
00000000111110000000000000000000
00000011111111000000000000000000
00000001111111111000000000000000
00000011111111111100000000000000
00000011111111111100000000000000
00000111111111111100000000000000
00000011100000111100000000000000
00000011100000111110000000000000
00000011100000111110000000000000
00000011100000111110000000000000
00000011100000011110000000000000
00000001000000011110000000000000
00000000000000011110000000000000
00000000000000011110000000000000
00000000000000011100000000000000
00000000000000011100000000000000
00000000000000111100000000000000
00000000000001111100000000000000
00000000000001111100000000000000
00000000000011111000000000000000
00000000000111111000000000000000
00000000000111111000000000000000
00000001111111100000000000000000
00000001111111111100000000000000
00000011111111111111100000000000
00000111111111111111111100000000
00000011111111111111111110000000
00000011111111111111111110000000
00000011111110011111111110000000
00000000111100000000111111000000
00000000000000000000000011000000
