00000000001111110000000000000000
00000000011111111000000000000000
00000000111111111000000000000000
00000001111111111100000000000000
00000001111111111100000000000000
00000011111111111100000000000000
00000011111111111111000000000000
00000011111100111111000000000000
00000011111000111111000000000000
00000011110000111111000000000000
00000111110001111110000000000000
00000111110001111110000000000000
00000111110001111110000000000000
00000001110000111111000000000000
00000000100001111110000000000000
00000000000011111110000000000000
00000000000111111100000000000000
00000000000111111100000000000000
00000000001111111000000000000000
00000000001111111000000000000000
00000000001111111000000000000000
00000000111111111000000000000000
00000001111111110000000000000000
00000011111111100000011110000000
00000011111111111110111111000000
00000011111111111111111111000000
00000011111111111111111111100000
00000011111111111111111111110000
00000001111111111111111111110000
00000000111111111111111111100000
00000000011111110111111111000000
00000000000000000000000110000000
