00000000000001111000000000000000
00000000000001111100000000000000
00000000011111111111000000000000
00000000001111111111100000000000
00000000011111111111100000000000
00000000111111110011110000000000
00000001111111000011110000000000
00000000111111000001111000000000
00000001111000000001111000000000
00000001111000000001111000000000
00000011111000000001110000000000
00000001111100000000111000000000
00000001111000000001111000000000
00000001111000000001111000000000
00000001110000000001111000000000
00000000111000000001110000000000
00000000010000000011110000000000
00000000000000000011110000000000
00000000000000000011110000000000
00000000000000000011110000000000
00000000000000000111110000000000
00000000000000011111100000000000
00000000000000011111100000000000
00000000000000011111000000000000
00000000000001111110000110000000
00000000000111111111111111100000
00000000000111111111111111110000
00000000011111111111111111110000
00000000011111111111111111110000
00000000011111111111111111110000
00000000011111111111111111110000
00000000001111100000000000000000
