00000000000111110000000000000000
00000000001111111000000000000000
00000000011111111100000000000000
00000000011111111110000000000000
00000000111111111111000000000000
00000000111111111111000000000000
00000000111111111111000000000000
00000000111111001111100000000000
00000000111110001111100000000000
00000000111100001111100000000000
00000000111000001111100000000000
00000000010000000111110000000000
00000000000000000111100000000000
00000000000000001111100000000000
00000000000000011111100000000000
00000000000000001111100000000000
00000000000000011111100000000000
00000000000000011111000000000000
00000000000000001111100000000000
00000000000000011111000000000000
00000000000000011110000000000000
00000000000000111110000000000000
00000000000001111111000000000000
00000000011111111111000000000000
00000000011111111111110000000000
00000000111111111111111110000000
00000000111111111111111111110000
00000000111111111111111111110000
00000000111111111111111111110000
00000000011111100001111111110000
00000000001000000000001111110000
00000000000000000000000011100000
