00000000010000000000000000000000
00000000111110000000000000000000
00000001111111000000000000000000
00000001111111100000000000000000
00000001111111110000000000000000
00000011111111110000000000000000
00000011111111110000000000000000
00000111110011111000000000000000
00000011111001111000000000000000
00000111100000111100000000000000
00000111100000011100000000000000
00000111100000011100000000000000
00001111000000001110000000000000
00001111000000001110000000000000
00000111100000001111000000000000
00000111100000001111000000000000
00000111000000001111000000000000
00000111000000001111000000000000
00000011000000001111000000000000
00000000000000001111100000000000
00000000000000011111000000000000
00000000000000011110000000000000
00000000000000111110000000000000
00000000001001111111110000000000
00000000111111111111111110000000
00000000111111111111111111100000
00000001111111111111111111100000
00000001111111111111111111100000
00000001111111111111111111100000
00000001111111111111111000000000
00000000011111110010000000000000
00000000011100000000000000000000
