00000000001111110000000000000000
00000000011111111000000000000000
00000000111111111100000000000000
00000000111111111111000000000000
00000011111111111111000000000000
00000111111111111111000000000000
00001111111100011111100000000000
00001111111000011111100000000000
00011111110000011111100000000000
00011111100000011111100000000000
00011111100000111111000000000000
00011111100001111110000000000000
00000111110000111111000000000000
00000011100011111111100000000000
00000000000111111111110000000000
00000000001111111111111000000000
00000000001111111111111100000000
00000000000111111111111110000000
00000000000001100011111110000000
00000000000000000000111111000000
00000000000000000000111111000000
00000000000000000000011111100000
00000000000000000000011111100000
00000000000000000000011111100000
00000000000000000000011111100000
00000000000110000000111111000000
00000000001111000001111111000000
00000000011111100111111110000000
00000000111111111111111110000000
00000000111111111111111100000000
00000000001111111111111100000000
00000000000111111111110000000000
