00000000000000011000000000000000
00000000000000011110000000000000
00000000000000111110000000000000
00000000000011111100000000000000
00000000000011111100000000000000
00000000000111111000000000000000
00000000000111111000000110000000
00000000000111110000011111000000
00000000011111000000111110000000
00000000111110000000111110000000
00000000111110000000111110000000
00000000111110000000111110000000
00000001111100000000111110000000
00000001111000000000111110000000
00000111110000000001111100000000
00000111110000000001111000000000
00000111110000000001111100000000
00000111110000000011111110000000
00000111111100100111111110000000
00000111111111111111111100000000
00000111111111111111111100000000
00000001111111111111111100000000
00000000111111111111110000000000
00000000000000101111100000000000
00000000000000001111100000000000
00000000000000011111000000000000
00000000000000011110000000000000
00000000000000111110000000000000
00000000000000111110000000000000
00000000000000111110000000000000
00000000000000111100000000000000
00000000000000111100000000000000
