00000000000001110000000000000000
00000000000011111000000000000000
00000000000011111000000000000000
00000000000011111100000000000000
00000000000011111000000000000000
00000000000011111000000000000000
00000000000011111000000000000000
00000000000111110000000000000000
00000000000111110001110000000000
00000000001111110011111000000000
00000000001111110011111000000000
00000000001111100011111000000000
00000000011111000011111000000000
00000000011111000111111000000000
00000000011111000111110000000000
00000000111110000111110000000000
00000000111110001111110000000000
00000001111110001111110000000000
00000001111100001111110000000000
00000011111100001111111100000000
00000011111111111111111110000000
00000111111111111111111111000000
00000111111111111111111111000000
00000111111111111111111111000000
00000111111111111111111110000000
00000111111111111111111100000000
00000011111110111110000000000000
00000000000001111110000000000000
00000000000011111100000000000000
00000000000011111100000000000000
00000000000011111100000000000000
00000000000011111100000000000000
