00000000000000010000000000000000
00000000000000110000000000000000
00000000000001110000000000000000
00000000000001110000100000000000
00000000000011111001110000000000
00000000000011110011110000000000
00000000000111100111110000000000
00000000000111100111110000000000
00000000001111100011110000000000
00000000001111000011110000000000
00000000001111000011110000000000
00000000001111000011110000000000
00000000011110000011110000000000
00000000111100000111100000000000
00000000111100000111100000000000
00000001111100000111100000000000
00000001111000001111111100000000
00000001111000001111111110000000
00000011111000001111111110000000
00000011111111111111111110000000
00000111111111111111111100000000
00000111111111111111111000000000
00001111111111111111110000000000
00001111111111111110000000000000
00001111111110111110000000000000
00000111100000111110000000000000
00000000000000111110000000000000
00000000000001111100000000000000
00000000000001111100000000000000
00000000000001111000000000000000
00000000000001111000000000000000
00000000000000100000000000000000
