00000000000000001111000000000000
00000000000000011111000000000000
00000000000000111111100000000000
00000000000001111111000000000000
00000000000000111111000000000000
00000000000001111110000000000000
00000000000001111110000000000000
00000000000000111111000000000000
00000000000000111111000000000000
00000000000000111111000000000000
00000000000001111110000000000000
00000000000001111110001000000000
00000000000001111100011100000000
00000000000011110000111000000000
00000000000111110000111100000000
00000000011111100001111000000000
00000000011111100011111000000000
00000000111111000011111100000000
00000111111110001111111000000000
00001111111111111111111000000000
00011111111111111111111000000000
00111111111111111111111000000000
00111111111111111111111000000000
01111111111111111111110000000000
00111111111111101111110000000000
00111111110000001111100000000000
00001000000000001111100000000000
00000000000000011111100000000000
00000000000000111111100000000000
00000000000000111111100000000000
00000000000001111111000000000000
00000000000000111110000000000000
