00000000000000000011100000000000
00000000000000001111000000000000
00000000000000001111100000000000
00000000000000001111100000000000
00000000000000001111100000000000
00000000000000011111000000000000
00000000000000011111000000000000
00000000000000011111000000000000
00000000000000111111000000000000
00000000000000111111000000000000
00000000000000111111000000000000
00000000000000111110000000000000
00000000000000111110000000000000
00000000000000111110000000000000
00000000000001111110000000000000
00000000000011111101110000000000
00000000000011111011111000000000
00000000000011111011111100000000
00000010111111110111111000000000
00000111111111110111111000000000
00001111111111111111111000000000
00001111111111111111111000000000
00111111111111111111110000000000
00011111111111111111111000000000
00011111111111111111111000000000
00011111111111111111111000000000
00000011001111111111111000000000
00000000000001111111111000000000
00000000000000011111110000000000
00000000000000001111110000000000
00000000000000001111100000000000
00000000000000000111000000000000
