00000000000000011111000000000000
00000000000000011111100000000000
00000000000000011111110000000000
00000000000000111111100000000000
00000000000000111111100000000000
00000000000000011111100000000000
00000000000000111111000000000000
00000000000000111111000000000000
00000000000000111111000000000000
00000000000001111110010000000000
00000000000001111110111100000000
00000000000001111101111110000000
00000000000011110011111100000000
00000000000111110011111100000000
00000000001111110011111100000000
00000000011111000111111100000000
00000000111111000111111100000000
00000011111111000111111100000000
00001111111111111111111000000000
00001111111111111111111100000000
00001111111111111111111100000000
00111111111111111111111000000000
00111111111111111111111000000000
00111111111111111111111000000000
00111111111111111111110000000000
00000000000000001111110000000000
00000000000000001111111000000000
00000000000000011111110000000000
00000000000000011111110000000000
00000000000000011111110000000000
00000000000000111111000000000000
00000000000000011110000000000000
