00000000000000011110000000000000
00000000000000111110000000000000
00000000000000111111000000000000
00000000000001111110000000000000
00000000000000111110000000000000
00000000000000111110000000000000
00000000000001111100000000000000
00000000000001111100000000000000
00000000000001111100000000000000
00000000000011111000011000000000
00000000000011111100111100000000
00000000000011111001111100000000
00000000000111110011111000000000
00000000001111110011111100000000
00000000001111110011111110000000
00000000011111100111111100000000
00000000011111000111111100000000
00000001111111000111111100000000
00000111111100001111111000000000
00001111111111111111111000000000
00001111111111111111111000000000
00111111111111111111110000000000
00111111111111111111110000000000
00111111111111111111111000000000
01111111111111111111110000000000
00111111111111111111110000000000
00011111011111111111111000000000
00000000000001111111110000000000
00000000000001111111110000000000
00000000000000111111110000000000
00000000000001111111000000000000
00000000000001111110000000000000
