00000000000000111110000000000000
00000000000011111100000000000000
00000000000011111110000000100000
00000000000011111100000001110000
00000000000111111100000001111000
00000000001111110000000111110000
00000000011111110000000111110000
00000000011111110000001111110000
00000000111111100000001111100000
00000001111111000000011111100000
00000011111100000000111111000000
00000011111000001111111110000000
00000011111001111111111110000000
00000011111111111111111110000000
00001111111111111111111110000000
00001111111111111111111110000000
00001111111111111111111110000000
00000111111110011111111100000000
00000001110000001111111000000000
00000000000000011111000000000000
00000000000000011110000000000000
00000000000000011110000000000000
00000000000000011110000000000000
00000000000000111100000000000000
00000000000000111100000000000000
00000000000001111100000000000000
00000000000001111000000000000000
00000000000001111000000000000000
00000000000111110000000000000000
00000000000011110000000000000000
00000000000011110000000000000000
00000000000011100000000000000000
