00000000000000000001100000000000
00000000000000000111100000000000
00000000000000000111100000000000
00000000000000001111000000000000
00000000000000011111000000000000
00000000000000111110000000000000
00000000000000111110000000000000
00000000000001111100000000000000
00000000000011111000000000000000
00000000000011111000111000000000
00000000000011110000111000000000
00000000000111110000111100000000
00000000001111100000110100000000
00000000011111000001111100000000
00000000011111000001111100000000
00000000111110000001111000000000
00000001111100000001111000000000
00000011111100000001111000000000
00000011111000000011111000000000
00000011111100000011111000000000
00000111111111100011111000000000
00000111111111111111111000000000
00000011111111111111111110000000
00000001111111111111111110000000
00000000001111111111111110000000
00000000000011111111111000000000
00000000000000000111110000000000
00000000000000000111110000000000
00000000000000000111110000000000
00000000000000000111110000000000
00000000000000001111100000000000
00000000000000000111100000000000
