00000000011100000000000000000000
00000000111110000000000000000000
00000000111111000000000000000000
00000001111110000110000000000000
00000001111110001111000000000000
00000001111110001111100000000000
00000001111100011111100000000000
00000001111100011111000000000000
00000001111100111110000000000000
00000001111100111110000000000000
00000011111101111110000000000000
00000011111101111110000000000000
00000111110011111000000000000000
00001111110011111000000000000000
00000111110111111000000000000000
00001111111111111111111100000000
00001111111111111111111110000000
00000111111111111111111111000000
00000111111111111111111111000000
00000011111111111111111110000000
00000001111111111111111100000000
00000001111111100000000000000000
00000000011111100000000000000000
00000000111111000000000000000000
00000000111111000000000000000000
00000000111111000000000000000000
00000000111111000000000000000000
00000000111111000000000000000000
00000000111110000000000000000000
00000000111110000000000000000000
00000001111100000000000000000000
00000011111000000000000000000000
