00000000000001110000000000000000
00000000000111110000000000000000
00000000000111110000011000000000
00000000000111110000111100000000
00000000000111110000111110000000
00000000011111000001111100000000
00000000011111000001111100000000
00000000011111000001111100000000
00000000011111000001111100000000
00000000011110000001111100000000
00000001111100000011111000000000
00000001111100000011111000000000
00000001111000000011111000000000
00000011111000000011111100000000
00001111110001111111111110000000
00001111111111111111111111000000
00001111111111111111111111000000
00001111111111111111111110000000
00001111111111111111111100000000
00001111111111111111000000000000
00000111111111111111000000000000
00000001110110011111000000000000
00000000000000011111000000000000
00000000000001111100000000000000
00000000000001111100000000000000
00000000000001111100000000000000
00000000000001111000000000000000
00000000000001111000000000000000
00000000000111110000000000000000
00000000000111110000000000000000
00000000000111110000000000000000
00000000000111110000000000000000
