00000000000000011111000000000000
00000000000000111111000000000000
00000000000001111110000000000000
00000000000001111110000000000000
00000000000011111100000000000000
00000000000111111000000000000000
00000000000111111000000000000000
00000000001111110000000000000000
00000000001111100000000000000000
00000000011111100000000000000000
00000000111111000000000000000000
00000001111110000000011110000000
00000011111100000011111110000000
00000011111100000111111111000000
00000011111100001111111111100000
00001111110011111111111111000000
00001111111111111111111111000000
00001111111111111111111111000000
00011111111111111111111110000000
00001111111111110011111110000000
00001111111111100001111110000000
00001111111100000111111100000000
00000111111000000111111100000000
00000000000000001111111000000000
00000000000000001111110000000000
00000000000000001111110000000000
00000000000000111111000000000000
00000000000000111111000000000000
00000000000000111111000000000000
00000000000001111110000000000000
00000000000011111100000000000000
00000000000011111000000000000000
