00000000000000011111000000000000
00000000000001111110000000000000
00000000000001111110000000000000
00000000000011111100000000000000
00000000000011111100000000000000
00000000000111110000000000000000
00000000000111110000000110000000
00000000001111100000011110000000
00000000011111000001111110000000
00000000011111000001111110000000
00000000111110000011111100000000
00000000111110000011111100000000
00000001111110000111111000000000
00000001111100000111111000000000
00000111111000001111110000000000
00000111111000000111110000000000
00001111110000001111100000000000
00011111101111111111100000000000
00011111111111111111110000000000
00111111111111111111110000000000
00111111111111111111100000000000
01111111111111111111000000000000
00111111111100111111000000000000
00111100000000111110000000000000
00000000000000111111000000000000
00000000000000111110000000000000
00000000000001111100000000000000
00000000000001111110000000000000
00000000000001111100000000000000
00000000000001111100000000000000
00000000000011111100000000000000
00000000000001111100000000000000
