00000000000000000111100000000000
00000000000000011111100000000000
00000000000000111111100000000000
00000000000001111111000000000000
00000000000001111110000000000000
00000000000011111100000000011000
00000000000011111100000000111100
00000000000111111000000001111100
00000000001111100000000111111000
00000000011111100000000111111000
00000000111111000000001111110000
00000000111111000000001111110000
00000001111100000000011111100000
00000001111100000000011111100000
00000111111000000000111111000000
00000111111000000000111111000000
00001111110000000001111110000000
00011111100000000011111100000000
00011111100000001111111100000000
00111111000011111111111000000000
00111111111111111111111000000000
01111111111111111111110000000000
01111111111111111111110000000000
01111111111111111111100000000000
00111111111100001111100000000000
00111111000000011111000000000000
00010000000000111110000000000000
00000000000000011110000000000000
00000000000000111110000000000000
00000000000000111110000000000000
00000000000001111100000000000000
00000000000000111100000000000000
