00000000000000000011000000000000
00000000000000000011110000000000
00000000000000001111111110000000
00000000000000001111111111000000
00000000000000111111001111000000
00000000000000111110011111000000
00000000000111111000111110000000
00000000000111110001111100000000
00000000001111100001111100000000
00000000011111000001111000000000
00000001111110000001111000000000
00000001111100000001111000000000
00000001111100000001111000000000
00000111111111111111110000000000
00000111111111111111111110000000
00000111111111111111111110000000
00000011111111111111111110000000
00000011111111111111111110000000
00000000000000000111110000000000
00000000000000000111110000000000
00000000000000001111000000000000
00000000000000001111000000000000
00000000000000001111000000000000
00000000000000001111000000000000
00000000000000001111000000000000
00000000000000001110000000000000
00000000000000001110000000000000
00000000000000011110000000000000
00000000000000011110000000000000
00000000000000001110000000000000
00000000000000001110000000000000
00000000000000000100000000000000
