00000000000011100000000000000000
00000000000111100000000000000000
00000000000111110000000000000000
00000000001111100000000000000000
00000000001111100000000000000000
00000000001111100000000000000000
00000000011111100000000000000000
00000000011111100000110000000000
00000000011111100001111000000000
00000000011111000001111000000000
00000000111111000011111100000000
00000001111111000011111100000000
00000011111110000111111000000000
00000011111110000111111000000000
00000111111100000111110000000000
00000111111111001111110000000000
00001111111111111111110000000000
00000111111111111111110000000000
00000111111111111111111100000000
00000011111111111111111110000000
00000001111111111111111111000000
00000000111111111111111110000000
00000000001111111111111110000000
00000000000011111111111100000000
00000000000011111110111000000000
00000000000011111110000000000000
00000000000011111100000000000000
00000000000011111100000000000000
00000000000111111100000000000000
00000000000111111100000000000000
00000000001111111000000000000000
00000000000111110000000000000000
