00000000000000000111100000000000
00000000000000001111110000000000
00000000000000001111110000000000
00000000000000111111100000000000
00000000000000011111100000000000
00000000000000011111100000000000
00000000000000011111000000000000
00000000000000111111100000000000
00000000000001111110000000000000
00000000000011111100000000000000
00000000000011111100000010000000
00000000000111111000000111000000
00000000000111111000001111100000
00000000000111110000001111100000
00000000011111100000011111000000
00000000111111000000111110000000
00000000111110000000111110000000
00000001111110000001111110000000
00000001111100000001111110000000
00000111111000000011111000000000
00000111110000000011111000000000
00001111110000000111111100000000
00001111111111111111111110000000
00011111111111111111111110000000
00011111111111111111111110000000
00111111111111111111111000000000
00011111111111111111110000000000
00001111111111001111110000000000
00000000000000001111110000000000
00000000000000001111110000000000
00000000000000001111100000000000
00000000000000001111100000000000
