00000000000000001111100000000000
00000000000000011111110000000000
00000000000000011111110000000000
00000000000000011111110000000000
00000000000000011111110000000000
00000000000000011111100000000000
00000000000000011111100000000000
00000000000000111111000000000000
00000000000001111111000000000000
00000000000001111110000000000000
00000000000111111100000000000000
00000000000111111000000000000000
00000000001111110000001000000000
00000000001111110000111100000000
00000000011111100001111100000000
00000000111111000001111100000000
00000000111111000001111100000000
00000001111110000011111100000000
00000001111100000001111100000000
00000011111100000011111100000000
00000111111000000011111100000000
00000111111101100111111100000000
00000111111111111111111000000000
00011111111111111111111100000000
00011111111111111111111110000000
00011111111111111111111110000000
00011111111111111111111100000000
00001110000000001111111000000000
00000000000000001111100000000000
00000000000000011111100000000000
00000000000000001111100000000000
00000000000000001111000000000000
