00000000000000000000000001000000
00000000000000011111111111100000
00000000001111111111111111100000
00000001111111111111111111100000
00000000111111111111111111100000
00000000111111111110000000000000
00000001111111000000000000000000
00000001111100000000000000000000
00000000111000000000000000000000
00000000111000000000000000000000
00000001111000000000000000000000
00000001111000011000000000000000
00000001111111111111100000000000
00000011111111111111100000000000
00000011111111111111110000000000
00000011111111111111110000000000
00000001111100000111111000000000
00000000100000000001111000000000
00000000000000000001111100000000
00000000000000000000111100000000
00000000000000000001111000000000
00000000000000000001111000000000
00000000000000000001111000000000
00000000000000000001111000000000
00000000000110000011110000000000
00000000001110000011110000000000
00000000001111000111100000000000
00000000011111011111000000000000
00000000011111111111000000000000
00000000001111111110000000000000
00000000000111111100000000000000
00000000000111111000000000000000
