00000000011111111111000000000000
00000000011111111111100000000000
00000000111111111111100000000000
00000000111111111111110000000000
00000000111111111111110000000000
00000001111111111111110000000000
00000001111111100011110000000000
00000001111110000000000000000000
00000011111100000000000000000000
00000001111110000000000000000000
00000011111100000000000000000000
00000011111100000000000000000000
00000001111111110000000000000000
00000011111111111000000000000000
00000011111111111100000000000000
00000001111111111110000000000000
00000001111111111111000000000000
00000001111111111111000000000000
00000000011111111111100000000000
00000000001100001111100000000000
00000000000000001111100000000000
00000000000000000111110000000000
00000000000000000111110000000000
00000000000000001111110000000000
00000000000100001111111000000000
00000000001110011111110000000000
00000000011111111111110000000000
00000000011111111111110000000000
00000000011111111111100000000000
00000000111111111111000000000000
00000000001111111111000000000000
00000000001111111100000000000000
