00000000011110000011000000000000
00000000011111100111100000000000
00000000111111111111110000000000
00000000111111111111110000000000
00000000111111111111110000000000
00000000011111111111111000000000
00000000011110000000110000000000
00000000011110000000000000000000
00000000111100000000000000000000
00000000111100000000000000000000
00000000011111000000000000000000
00000000111111110000000000000000
00000000111111111100000000000000
00000001111111111100000000000000
00000001111111111111000000000000
00000001111111111111000000000000
00000001111110011111000000000000
00000001111000001111000000000000
00000001111000000111000000000000
00000000000000000011110000000000
00000000000000000001110000000000
00000000000000000001110000000000
00000000000000000001110000000000
00000000000000000001111000000000
00000000000000000001111000000000
00000000000000000111110000000000
00000000111100000111110000000000
00000001111111111111100000000000
00000000111111111111100000000000
00000000111111111111100000000000
00000000111111111110000000000000
00000000001111111100000000000000
