00000000000000000000000000000000
00000000010000000001100000000000
00000000111111111111110000000000
00000000111111111111110000000000
00000000111111111111110000000000
00000000111111111111110000000000
00000000111111111111111000000000
00000000111111111000110000000000
00000001111000000000000000000000
00000001111000000000000000000000
00000000111100000000000000000000
00000001111111111000000000000000
00000001111111111000000000000000
00000001111111111100000000000000
00000000111111111111000000000000
00000000111111111111000000000000
00000000111111111111100000000000
00000000111000011111100000000000
00000000100000001111100000000000
00000000000000000011110000000000
00000000000000000011110000000000
00000000000000000011110000000000
00000000000000000111110000000000
00000000000000000111110000000000
00000000000000011111110000000000
00000001111111111111110000000000
00000001111111111111100000000000
00000000111111111111100000000000
00000000111111111111000000000000
00000000111111111100000000000000
00000000011111110000000000000000
00000000000100000000000000000000
