00000000111000000000000000000000
00000000111111000000000000000000
00000001111111111100000000000000
00000001111111111111000000000000
00000011111111111111100000000000
00000011111111111111111000000000
00000001111111111111111110000000
00000001111111111111111110000000
00000001111111100001111110000000
00000001111111000000011100000000
00000001111110000000000000000000
00000000111110000000000000000000
00000000111110000000000000000000
00000000011111100000000000000000
00000000001111100000000000000000
00000000001111100000000000000000
00000000001111110000000000000000
00000000001111110000000000000000
00000000000111110000000000000000
00000000000111110000000000000000
00000000000011111100000000000000
00000000000011111100000000000000
00000000000011111100000000000000
00000001000011111100000000000000
00000011100011111100000000000000
00000111110011111100000000000000
00000011110111111000000000000000
00000001111111111100000000000000
00000001111111111100000000000000
00000001111111111000000000000000
00000000111111110000000000000000
00000000111111100000000000000000
