00000000000001111111000000000000
00000000000111111111000000000000
00000000011111111111100000000000
00000000011111111111110000000000
00000001111111111111110000000000
00000011111111111111100000000000
00000001111111100000000000000000
00000001111110000000000000000000
00000110111000000000000000000000
00000111101000000000000000000000
00000111100000000000000000000000
00000111100000000000000000000000
00000011110000000000000000000000
00000011110000000000000000000000
00000011110000000000000000000000
00000001111000000000000000000000
00000001111100000000000000000000
00000001111100000000000000000000
00000000011110000000000000000000
00000000011110000000000000000000
00000000011110000000000000000000
00000000001111000000000000000000
00000000000111100000000000000000
00000000001111100000000000000000
00000000000111110000000000000000
00000000000111110000000000000000
00000000000111110000000000000000
00000000000111111000000000000000
00000000001111110000000000000000
00000000011111110000000000000000
00000000011111110000000000000000
00000000011111110000000000000000
