00000000010001111111111000000000
00000000111111111111111100000000
00000000111111111111111111000000
00000000111111111111111111100000
00000001111111111111111111100000
00000001111111110000001111100000
00000001111111000000000111000000
00000001111100000000000000000000
00000001111100000000000000000000
00000001111100100000000000000000
00000111110111111000000000000000
00000111111111111110000000000000
00000111111111111111100000000000
00000111111111111111110000000000
00001111111111111111110000000000
00001111111111111111110000000000
00000111111000000111110000000000
00000111100000000011111000000000
00000011000000000011111000000000
00000000000000000011111000000000
00000000000000000011111000000000
00000000000000000011111000000000
00000000000000000111111000000000
00000000000000001111100000000000
00000000000000001111100000000000
00000000000000001111100000000000
00000000011100011111100000000000
00000000111110111111000000000000
00000000111111111111000000000000
00000000111111111110000000000000
00000000011111111100000000000000
00000000000111111100000000000000
