00000000000111111111000000000000
00000000001111111111100000000000
00000000011111111111100000000000
00000000011111111111110000000000
00000000111111111111110000000000
00000000111111111111110000000000
00000000011111111111110000000000
00000000011111111111100000000000
00000000111111110000000000000000
00000000111111100000000000000000
00000000111110000000000000000000
00000000111111000000000000000000
00000000011111100000000000000000
00000000011111100000000000000000
00000000001111100000000000000000
00000000000111110000000000000000
00000000000111110000000000000000
00000000000111110000000000000000
00000000000011111000000000000000
00000000000011111000000000000000
00000000000011111000000000000000
00000000000001111100000000000000
00000000110001111100000000000000
00000001111011111100000000000000
00000001111111111110000000000000
00000001111111111110000000000000
00000001111111111110000000000000
00000000111111111110000000000000
00000000111111111110000000000000
00000000011111111100000000000000
00000000000111111110000000000000
00000000000011111100000000000000
