00000000000000000000000000000000
00000000000111111111111000000000
00000000011111111111111100000000
00000001111111111111111100000000
00000001111111111111111110000000
00000001111111111111111110000000
00000001111111111111111100000000
00000011111000000000000000000000
00000011110000000000000000000000
00000011110000000000000000000000
00000011100001000000000000000000
00000111111111110000000000000000
00000111111111111100000000000000
00000111111111111100000000000000
00000111111111111110000000000000
00000111111111111110000000000000
00000011110000011110000000000000
00000011100000011110000000000000
00000001000000011110000000000000
00000000000000011111000000000000
00000000000000001111000000000000
00000000000000011110000000000000
00000000000000011110000000000000
00000000000000011110000000000000
00000000000000111110000000000000
00000000000001111110000000000000
00000001111111111100000000000000
00000001111111111000000000000000
00000001111111111000000000000000
00000000111111110000000000000000
00000000011100000000000000000000
00000000000000000000000000000000
