00000000001111111111000000000000
00000000011111111111100000000000
00000001111111111111110000000000
00000001111111111111111100000000
00000011111111111111111100000000
00000111111111111111111110000000
00000111111110000000011110000000
00001111111000000000000100000000
00001111110000000000000000000000
00011111100000000000000000000000
00011111000000000000000000000000
00001111000000000000000000000000
00001111110000000000000000000000
00000111110000000000000000000000
00000111111000000000000000000000
00000111111000000000000000000000
00000011111100000000000000000000
00000011111110000000000000000000
00000001111111000000000000000000
00000000111111100000000000000000
00000000011111110000000000000000
00000000000111111100000000000000
00000000000111111110000000000000
00000000000011111110000000000000
00000001000000111110000000000000
00000011100000111110000000000000
00000011111111111110000000000000
00000011111111111111000000000000
00000011111111111111000000000000
00000001111111111110000000000000
00000000011111111111000000000000
00000000001111111110000000000000
