00000000010000000001000000000000
00000011111111111111111000000000
00000011111111111111111000000000
00000011111111111111111110000000
00000011111111111111111110000000
00000011111111101000011100000000
00000011111000000000001000000000
00000001111000000000000000000000
00000011111000000000000000000000
00000001111000000000000000000000
00000011110000000000000000000000
00000011110001111100000000000000
00000011111111111111000000000000
00000011111111111111100000000000
00000011111111111111110000000000
00000011111111011111110000000000
00000001110000000011111000000000
00000000100000000011111000000000
00000000000000000001111100000000
00000000000000000000111100000000
00000000000000000000111100000000
00000000000000000000111100000000
00000000000000000000111100000000
00000000000000000000111110000000
00000000000000000000111110000000
00000000000000000001111100000000
00000001100000000111111100000000
00000011111111111111111100000000
00000111111111111111111000000000
00000011111111111111110000000000
00000000111111111111110000000000
00000000011111111110000000000000
