00000000000000100000000000000000
00000000001111111111111100000000
00000000111111111111111110000000
00000000111111111111111110000000
00000000111111111111111110000000
00000011111111111011111100000000
00000011111000000000000000000000
00000011111000000000000000000000
00000011111000000000000000000000
00000011111000000000000000000000
00000011110001111000000000000000
00000011111011111110000000000000
00000011111111111110000000000000
00000011111111111110000000000000
00000011111111111111000000000000
00000111111111111111000000000000
00000011111100001111000000000000
00000011111000001111000000000000
00000000000000001111000000000000
00000000000000001111000000000000
00000000000000001111000000000000
00000000000000001111000000000000
00000000000000001111000000000000
00000000000000001111000000000000
00000000000000011111000000000000
00000000000000011111000000000000
00000000000000111110000000000000
00000000111111111110000000000000
00000000111111111110000000000000
00000000111111111000000000000000
00000000111111111000000000000000
00000000000111000000000000000000
