00000000000000000011001000000000
00000000001111111111111100000000
00000000111111111111111110000000
00000001111111111111111100000000
00000001111111111000011100000000
00000001111111000000011000000000
00000000111100000000000000000000
00000001111000000000000000000000
00000001111000000000000000000000
00000001111000000000000000000000
00000001111001000000000000000000
00000011111111111000000000000000
00000111111111111100000000000000
00000011111111111111100000000000
00000011111111111111110000000000
00000000000001001111110000000000
00000000000000000011111000000000
00000000000000000000111100000000
00000000000000000000111100000000
00000000000000000000011110000000
00000000000000000000011110000000
00000000000000000000011100000000
00000000000000000000011100000000
00000000000000000000011100000000
00000000000000000000111100000000
00000000000000000000111100000000
00000000111100000001111000000000
00000000111110000111111000000000
00000000111111111111110000000000
00000000111111111111100000000000
00000000011111111110000000000000
00000000001111111000000000000000
