00000000000001000000000000000000
00000000000010111000000000000000
00000000000111111000000000000000
00000000001111111000000000000000
00000000001011110000000000000000
00000000001111110000000000000000
00000000011111100000000000000000
00000000111110000000000000000000
00000000101110000000000000000000
00000001011110000000000000000000
00000001111100000000000000000000
00000001111100000000000000000000
00000000111100000000000000000000
00000001110000000000000000000000
00000011110000000000000000000000
00000001111000000000000000000000
00000001110000000000000000000000
00000011110000000000000000000000
00000001110000000000000000000000
00000001110000011111110000000000
00000001110000111111111100000000
00000011100011111111111110000000
00000001110011111111111111000000
00000001110111111000011111100000
00000001111111110000000111100000
00000000111111100000000011110000
00000000111111000000000111110000
00000000011111111111111111110000
00000000001111111111111111110000
00000000000111111111111111000000
00000000000111111111111110000000
00000000000000111110000000000000
