00000000000000010000000000000000
00000000000011111100000000000000
00000000000011111110000000000000
00000000000111111110000000000000
00000000000111111111000000000000
00000000001111111000000000000000
00000000001111110000000000000000
00000000011111100000000000000000
00000000111110000000000000000000
00000000011111000000000000000000
00000000111100000000000000000000
00000000111110000000000000000000
00000000111100000000000000000000
00000000111110000000000000000000
00000000111100000000000000000000
00000000111100000000000000000000
00000000111100000000000000000000
00000001111000000000000000000000
00000000111100000000000000000000
00000001111000001111111100000000
00000000111100011111111110000000
00000000111100111111111111000000
00000000011110111111111111100000
00000000111111111111000111100000
00000000011111111100000001110000
00000000011111111000000001110000
00000000011111110000000011110000
00000000001111110000000111111000
00000000000111111111111111100000
00000000000011111111111111110000
00000000000000111111111110000000
00000000000000001111111111000000
