00000000000000111110000000000000
00000000000111111111000000000000
00000000000111111111100000000000
00000000001111111111100000000000
00000000001111111111100000000000
00000000001111111110000000000000
00000000011111111000000000000000
00000000011111110000000000000000
00000000111111100000000000000000
00000000111111100000000000000000
00000000111111100000000000000000
00000001111111000000000000000000
00000001111111000000000000000000
00000011111110000000000000000000
00000011111110000000000000000000
00000011111110000000000000000000
00000011111110000000000000000000
00000011111100000001100000000000
00000011111100000011111100000000
00000011111100011111111110000000
00000111111000111111111111000000
00000011111100111111111111110000
00000011111000111111111111110000
00000001111100011111100111111000
00000001111100001111000111111000
00000001111110000000001111111000
00000000111111100000011111111000
00000000011111111111111111110000
00000000011111111111111111110000
00000000000111111111111111110000
00000000000011111111111110000000
00000000000000111111111110000000
