00000000000011111000000000000000
00000000000111111100000000000000
00000000000011111110000000000000
00000000001111111110000000000000
00000000001111111110000000000000
00000000011111111100000000000000
00000000001111110000000000000000
00000000011111100000000000000000
00000000111111000000000000000000
00000000111110000000000000000000
00000000111110000000000000000000
00000000111110000000000000000000
00000001111110011111000000000000
00000000111110111111110000000000
00000001111101111111111000000000
00000000111100111111111100000000
00000001111100111111111110000000
00000011111101111110111111000000
00000001111100111100001111100000
00000001111101111100000111100000
00000000111110111100000011110000
00000001111100111100000011110000
00000000111110001110000011110000
00000000111110000100000011110000
00000000011110000000000111111000
00000000011110000000001111110000
00000000111110000000011111110000
00000000001111100000011111110000
00000000001111111111111111100000
00000000000011111111111111100000
00000000000011111111111110000000
00000000000000111111111100000000
