00000000000001111000000000000000
00000000000111111100000000000000
00000000001111111110000000000000
00000000011111111111000000000000
00000000111111111011100000000000
00000000111111100000000000000000
00000000111111000000000000000000
00000000111100000000000000000000
00000001111100000000000000000000
00000001111100000000000000000000
00000011111000000000000000000000
00000001111000000000000000000000
00000011111000000000000000000000
00000011110000000000000000000000
00000011110000000000000000000000
00000011111000000000000000000000
00000011110000000000000000000000
00000011110000000000000000000000
00000001111000000000000000000000
00000001111000000111100000000000
00000011110011111111111000000000
00000011110011111111111100000000
00000001111111111111111111000000
00000001111111111111111111100000
00000001111111111100011111100000
00000000111111110000001111100000
00000000011111111101111111110000
00000000011111111111111111110000
00000000001111111111111111100000
00000000000111111111111111000000
00000000000001111111111110000000
00000000000000000000000000000000
