00000000000001111100000000000000
00000000000111111111100000000000
00000000011111111111110000000000
00000000011111111111111000000000
00000000111111100000011000000000
00000000111111000000000000000000
00000001111100000000000000000000
00000001111100000000000000000000
00000001111100000000000000000000
00000001111000000000000000000000
00000011111000000000000000000000
00000011110000000000000000000000
00000011100000000000000000000000
00000111100000000000000000000000
00000011110000000000000000000000
00000011100000000000000000000000
00000111100000011100000000000000
00000111100001111110000000000000
00000111111111111111110000000000
00000011111111111111111000000000
00000011111111110111111100000000
00000011111111100000111100000000
00000011111111000000011110000000
00000011111111100000011110000000
00000001111111111100011110000000
00000000111111111110011111000000
00000000111111111100111111000000
00000000111111011111111110000000
00000000111111111111111110000000
00000000011111111111111000000000
00000000000111111111110000000000
00000000000001111110000000000000
