00000000000100000000000000000000
00000000000110000000000000000000
00000000001111000000000000000000
00000000001111000000000000000000
00000000011111000000000000000000
00000000011110000000000000000000
00000000111110000000000000000000
00000001111100000000000000000000
00000001111000000000000000000000
00000011111000000000000000000000
00000001111000000000000000000000
00000001111000000000000000000000
00000011110000000000000000000000
00000011110000000000000000000000
00000011110000000000000000000000
00000011100000000000000000000000
00000011100000000000000000000000
00000111100000000000000000000000
00000111100000111111000000000000
00000111100001111111100000000000
00000111100011111111111000000000
00000111100011111111111000000000
00000111110011111111111100000000
00000001111111111111111111000000
00000001111111111000111111000000
00000001111111110000011111000000
00000000111111110000111111000000
00000000111111111101111111000000
00000000011111111111111111000000
00000000001111111111111110000000
00000000000111111111111100000000
00000000000001111111100000000000
