00000000001111111000000000000000
00000000011111111000000000000000
00000000011111110000000000000000
00000000111111100000000000000000
00000001111111000000000000000000
00000001111110000000000000000000
00000001111110000000000000000000
00000001111110000000000000000000
00000011111100000000000000000000
00000011111100000000000000000000
00000111111000000000000000000000
00000111111000000000000000000000
00000111111000000000000000000000
00000011111000000000000000000000
00000111111000000000000000000000
00000111111000001000000000000000
00000111111000011111100000000000
00000111110001111111111000000000
00001111110011111111111100000000
00001111110111111111111110000000
00000111110111111111111111000000
00000111111111111110111111100000
00000111111111110000001111100000
00000111111111100000001111100000
00000111111111000000001111100000
00000011111111000000011111100000
00000011111111000000011111100000
00000001111111100001111111110000
00000000111111111111111111100000
00000000011111111111111111000000
00000000001111111111111110000000
00000000000111111111111100000000
