00000000011111000000000000000000
00000000111111100000000000000000
00000001111111110000000000000000
00000001111111111100000000000000
00000011111111111100000000000000
00000111111111111100000000000000
00000111111000011100000000000000
00001111110000001000000000000000
00000111110000000000000000000000
00001111110000000000000000000000
00001111110000000000000000000000
00001111110000000000000000000000
00001111100000000000000000000000
00001111000000000000000000000000
00001111100000000000000000000000
00001111100000011111000000000000
00001111100000111111100000000000
00001111100011111111111000000000
00001111100111111111111100000000
00000111111011111111111110000000
00000011111111111111111111000000
00000011111111111000011111000000
00000011111111100000001111100000
00000011111111100000000111100000
00000011111111000000000111100000
00000001111111000000000011110000
00000001111111100000000011110000
00000001111111110000001111110000
00000001111111111111011111100000
00000001111111111111111111100000
00000000011111111111111111100000
00000000000000111111111111000000
