00000000001111000000000000000000
00000000011111100000000000000000
00000000111111110000000000000000
00000000111111110000000000000000
00000001111111110000000000000000
00000011111111100000000000000000
00000011111100000000000000000000
00000011111100000000000000000000
00000011111000000000000000000000
00000111111000000000000000000000
00000111110000000000000000000000
00000111110000000000000000000000
00000111110000000000000000000000
00000111110000000000000000000000
00000111110000111111111000000000
00001111100001111111111100000000
00001111100001111111111100000000
00001111100011111111111110000000
00000111110111111111111110000000
00000111111111110100111111000000
00000111111111100000011111000000
00000111111111100000011111000000
00000111111111000000001111000000
00000011111111000000011111000000
00000011111110000000011111000000
00000011111110000000111111000000
00000011111110000001111110000000
00000001111111111111111110000000
00000000111111111111111100000000
00000000111111111111111000000000
00000000011111111111110000000000
00000000011111111111100000000000
