00000000000111000000000000000000
00000000001111100000000000000000
00000000001111100000000000000000
00000000011111100000000000000000
00000000111111000000000000000000
00000000011111000000000000000000
00000000111110000000000000000000
00000000111100000000000000000000
00000001111100000000000000000000
00000001111100000000000000000000
00000001111100000000000000000000
00000001111000000000000000000000
00000001111000000000000000000000
00000011111000000000000000000000
00000011111000111100000000000000
00000011111011111110000000000000
00000011111111111111100000000000
00000011111111111111100000000000
00000011111111111111110000000000
00000001111111101011111100000000
00000011111111000000111110000000
00000011111110000000111110000000
00000011111110000000011110000000
00000001111110000000000111100000
00000001111110000000000111100000
00000001111110000000000111100000
00000000111100000000000111100000
00000000111111100000011111100000
00000000011111111111111111110000
00000000001111111111111111100000
00000000000111111111111110000000
00000000000001111111111000000000
