00000001110000000000000000000000
00000011111100000000100000000000
00000111111111111111110000000000
00000011111111111111111100000000
00000011111111111111111110000000
00000011111111111111111110000000
00000011111111111111111110000000
00000011111111111111111110000000
00000111111001111111111100000000
00000111111000001111111000000000
00000111111000011111110000000000
00001111110000011111110000000000
00000111110000111111100000000000
00000111100000111111000000000000
00000010000000111111000000000000
00000000000001111110000000000000
00000000000001111110000000000000
00000000000011111100000000000000
00000000000011111100000000000000
00000000000111111000000000000000
00000000001111110000000000000000
00000000001111110000000000000000
00000000011111100000000000000000
00000000111111000000000000000000
00000001111111000000000000000000
00000001111110000000000000000000
00000011111100000000000000000000
00000111111100000000000000000000
00000111111100000000000000000000
00000111111100000000000000000000
00000011111100000000000000000000
00000011111100000000000000000000
