00000000000000000110000000000000
00000000001111111111000000000000
00000000011111111111110000000000
00000001111111111111110000000000
00000001111111111111111000000000
00000001111111111111111000000000
00000000111111001111111000000000
00000000010000000011111000000000
00000000000000000011110000000000
00000000000000000011110000000000
00000000000000000011110000000000
00000000000011000011110000000000
00000000000011110111110000000000
00000000000011111111110000000000
00000000000111111111111000000000
00000000000111111111111100000000
00000000000111111111111100000000
00000000000111111111111110000000
00000000000000111111111110000000
00000000000011111100111100000000
00000000000011111000001100000000
00000000000011111000000000000000
00000000000011111000000000000000
00000000000011111000000000000000
00000000000111110000000000000000
00000000001111100000000000000000
00000000011111100000000000000000
00000000011111100000000000000000
00000000011111000000000000000000
00000000011111000000000000000000
00000000011100000000000000000000
00000000001000000000000000000000
