00000000000000000000000001110000
00000000000000000000000011110000
00000000000010000000001111111000
00000000000111100000111111110000
00000000001111111111111111110000
00000000011111111111111111100000
00000000011111111111111111100000
00000000001111111111111110000000
00000000011111111111111100000000
00000000000001110011111100000000
00000000000000000011111000000000
00000000000000000011111000000000
00000000000000000111111000000000
00000000000000001111110000000000
00000000000000001111110000000000
00000000011111111111111000000000
00000000111111111111111000000000
00000011111111111111111110000000
00000111111111111111111100000000
00000111111111111111111100000000
00001111111111111111111000000000
00000111111001111110000000000000
00000011000001111110000000000000
00000000000011111100000000000000
00000000000011111100000000000000
00000000000111111000000000000000
00000000000111111000000000000000
00000000000111111000000000000000
00000000000111111000000000000000
00000000000011111000000000000000
00000000000011110000000000000000
00000000000011110000000000000000
