00000000000010000000000000000000
00000000001111110000000000000000
00000000001111111000000110000000
00000000011111111111111110000000
00000000111111111111111110000000
00000000111111111111111110000000
00000000111101111111111110000000
00000000111100000011111000000000
00000000111000000001111000000000
00000000111000000011111000000000
00000000111000000111110000000000
00000000110000001111100000000000
00000000100000001111000000000000
00000000000000001111000000000000
00000000000000001111000000000000
00000000111111111111100000000000
00000001111111111111111100000000
00000001111111111111111100000000
00000001111111111111111100000000
00000001111111111111111100000000
00000000000011111111111100000000
00000000000001111111111000000000
00000000000011110001100000000000
00000000000111110000000000000000
00000000000111110000000000000000
00000000000111110000000000000000
00000000001111000000000000000000
00000000001111000000000000000000
00000000001111000000000000000000
00000000001111000000000000000000
00000000011110000000000000000000
00000000011110000000000000000000
