00000000000000000110000000000000
00000000001111001111000000000000
00000000111111111111100000000000
00000000111111111111111000000000
00000000111111111111111000000000
00000001111111111111111000000000
00000001111111111101111100000000
00000011111011111000111100000000
00000011111001110000111100000000
00000011111001110000111100000000
00000011111000000011111100000000
00000011111000000111111100000000
00000000111111111111111100000000
00000000111111111111111100000000
00000000011111111111110000000000
00000000011111111111100000000000
00000000000011111110000000000000
00000000001111111110000000000000
00000000011111111111000000000000
00000001111111111111100000000000
00000001111111111111110000000000
00000001111111000111111000000000
00000001111110000011111000000000
00000011111000000011111000000000
00000011110000000011111000000000
00000011111000000011111000000000
00000011111110001111111000000000
00000001111111111111111000000000
00000000111111111111110000000000
00000000111111111111100000000000
00000000000111111111000000000000
00000000000111111100000000000000
