00000000000000000000000000000000
00000000000000010000000000000000
00000000000001111111000000000000
00000000011111111111110000000000
00000000111111111111110000000000
00000001111100000111110000000000
00000011111000000011110000000000
00000111111000000011111000000000
00000111111000000011111000000000
00000111111000000011111000000000
00000001111100000011111000000000
00000000111110000111111000000000
00000000111110001111111000000000
00000000111111011111100000000000
00000000011111111111000000000000
00000000001111111110000000000000
00000000001111111100000000000000
00000000000111111000000000000000
00000000001111111100000000000000
00000000001111111110000000000000
00000000011111111110000000000000
00000000011110011111000000000000
00000000111100001111100000000000
00000000011110000111110000000000
00000000011100000111111000000000
00000000011100000111111000000000
00000000111110001111111100000000
00000000111111111111111000000000
00000000011111111111111000000000
00000000011111111111110000000000
00000000001111111110000000000000
00000000000000000000000000000000
