00000001110000111111000000000000
00000011110011111111111000000000
00000011111111111111111000000000
00000001111111111111111100000000
00000001111111111111111110000000
00000011111111100000011110000000
00000111111111100000011110000000
00000011111111000000011100000000
00000011111100000000111100000000
00000011111100000001111100000000
00000001111100000001111000000000
00000001111110000111110000000000
00000001111110000111110000000000
00000000111110011111100000000000
00000000001111111111000000000000
00000000001111111110000000000000
00000000001111111110000000000000
00000000000111111100000000000000
00000000000111111000000000000000
00000000001111111000000000000000
00000000011111111100000000000000
00000000011111111100000000000000
00000000111110111100000000000000
00000001111100111100000000000000
00000001111000011100000000000000
00000001110000011110000000000000
00000011110000011110000000000000
00000011110000011110000000000000
00000011111111111100000000000000
00000011111111111100000000000000
00000001111111111110000000000000
00000000011111000000000000000000
