00000000000000000000000000000000
00000000000111110000000000000000
00000000001111111000000000000000
00000000011111111100000000000000
00000001111111111110000000000000
00000001111111111111100000000000
00000001111111111111110000000000
00000001111111111111110000000000
00000001111111101111110000000000
00000001111111000111111000000000
00000001111111000011111000000000
00000000011111100011111000000000
00000000011111101111110000000000
00000000011111111111100000000000
00000000001111111111100000000000
00000000000111111111000000000000
00000000000011111110000000000000
00000000000011111110000000000000
00000000000011111110000000000000
00000000000111111110000000000000
00000000011111111111000000000000
00000001111111011111100000000000
00000011111110001111100000000000
00000011111100000111100000000000
00000011111100000111110000000000
00000011111100000111111000000000
00000011111110000111111000000000
00000000111111001111111000000000
00000000011111111111110000000000
00000000011111111111100000000000
00000000001111111100000000000000
00000000000000000000000000000000
