00000000000000001111000000000000
00000000001100111111110000000000
00000000111101111111110000000000
00000001111111111111111000000000
00000111111111111111111000000000
00001111111111100001111000000000
00000111111111100000111100000000
00000111110011100001111100000000
00000111100000000001111000000000
00000111100000000011111000000000
00000111100000001111100000000000
00000111110000011111100000000000
00000111110000111111000000000000
00000001111100111111000000000000
00000001111111111110000000000000
00000000111111111000000000000000
00000000011111110000000000000000
00000000011111110000000000000000
00000000111111111000000000000000
00000001111111111100000000000000
00000000111100011111000000000000
00000001111100011111000000000000
00000001111000001111100000000000
00000001110000000111100000000000
00000001110000000111110000000000
00000011110000000011110000000000
00000011110000000111110000000000
00000000111100001111110000000000
00000000111111111111110000000000
00000000111111111111100000000000
00000000011111111110000000000000
00000000000111111000000000000000
