00000000000100000000000000000000
00000000111111110111100000000000
00000000111111111111110000000000
00000000111111111111111100000000
00000000111111111111111100000000
00000000111110011111111100000000
00000000111110001100111100000000
00000000011110000000111100000000
00000000011111000001111000000000
00000000011111000011111000000000
00000000001111100111110000000000
00000000000111111111100000000000
00000000000011111111100000000000
00000000000001111111000000000000
00000000000001111110000000000000
00000000000011111100000000000000
00000000001111111100000000000000
00000000001111111100000000000000
00000000111111111100000000000000
00000000111111111100000000000000
00000001111100011110000000000000
00000000111110001111000000000000
00000001111000001111000000000000
00000001110000000111100000000000
00000001110000000111100000000000
00000001110000001111100000000000
00000001110000001111100000000000
00000001111000111111000000000000
00000001111111111111000000000000
00000000111111111110000000000000
00000000011111111100000000000000
00000000001111111000000000000000
