00000000000000111111100000000000
00000000000001111111110000000000
00000001111111111111110000000000
00000001111111111111111100000000
00000001111111111111111100000000
00000001111111111101111100000000
00000011111111110001111100000000
00000011111111100011111000000000
00000001111110100001111100000000
00000000111110000011111100000000
00000000111111001111111000000000
00000000111111011111110000000000
00000000111111111111100000000000
00000000011111111111100000000000
00000000000111111111100000000000
00000000000111111110000000000000
00000000001111111100000000000000
00000000011111111000000000000000
00000000111111111100000000000000
00000000111111111110000000000000
00000001111111111110000000000000
00000001111111111110000000000000
00000011111110111110000000000000
00000011111000111110000000000000
00000111111000111110000000000000
00000011111000011111000000000000
00000001111000111111000000000000
00000001111001111110000000000000
00000001111111111110000000000000
00000001111111111100000000000000
00000000011111111100000000000000
00000000011111111000000000000000
