00000000000011111000000000000000
00000000001111111100000000000000
00000000011111011110000000000000
00000000011111111111100000000000
00000001111111001111110000000000
00000001111110000111110000000000
00000111111000000111110000000000
00000011010000000011110000000000
00000001110000000111000000000000
00000011100000001111000000000000
00000011000000001111000000000000
00000011110000011111000000000000
00000011111000011110000000000000
00000001111100011110000000000000
00000001111111111000000000000000
00000000011111111100000000000000
00000000001111111100000000000000
00000000001111111000000000000000
00000000000001111100000000000000
00000000000111111110000000000000
00000000000111111110000000000000
00000000001111111110000000000000
00000000001111001111100000000000
00000000011111001111000000000000
00000000111110001111000000000000
00000000111100001111000000000000
00000000011110000111100000000000
00000000011110011111100000000000
00000000111111111111000000000000
00000000011111111110000000000000
00000000001111111100000000000000
00000000000111111000000000000000
