00000000001111111111000000000000
00000000011111111111100000000000
00000000111111111111100000000000
00000000111111111111111000000000
00000000111111111111111000000000
00000000111111111111111000000000
00000001111111001111111000000000
00000000111110011111111000000000
00000000111111111111110000000000
00000000111111111111100000000000
00000000011111111111000000000000
00000000001111111111000000000000
00000000000111111110000000000000
00000000001111111100000000000000
00000000011111111000000000000000
00000000001111111100000000000000
00000000011111111100000000000000
00000000111111111100000000000000
00000000011111111110000000000000
00000000111111011111000000000000
00000001111110011111000000000000
00000001111110001111000000000000
00000000111110000111100000000000
00000000111100001111000000000000
00000001111100011111000000000000
00000001111100011111000000000000
00000000111110111111100000000000
00000001111111111111000000000000
00000000111111111111000000000000
00000000111111111110000000000000
00000000011111111110000000000000
00000000001111111000000000000000
