00000000000011111110000000000000
00000000011111111111000000000000
00000000111111111111100000000000
00000001111111111111111000000000
00000001111111111111111000000000
00000001111110000001111000000000
00000001111100000011111000000000
00000001111110000111110000000000
00000000011111100111110000000000
00000000011111101111110000000000
00000000001111111111100000000000
00000000000100111110000000000000
00000000000111111110000000000000
00000000000111111100000000000000
00000000000011111110000000000000
00000000000011111100000000000000
00000000000111111100000000000000
00000000001111111100000000000000
00000000011111111100000000000000
00000000001111111110000000000000
00000000011111001110000000000000
00000000011110001110000000000000
00000000111110001110000000000000
00000000111100001110000000000000
00000001111000111110000000000000
00000000111100011111000000000000
00000000111100111110000000000000
00000000111111111100000000000000
00000001111111111000000000000000
00000000111111111000000000000000
00000000011111110000000000000000
00000000011111100000000000000000
