00000000000111111110000000000000
00000000000111111111100000000000
00000000011111111111100000000000
00000000111111111111100000000000
00000001111111111111110000000000
00000001111111000111111000000000
00000001111110000111110000000000
00000001111000001111110000000000
00000000111100000111110000000000
00000000111110011111100000000000
00000000111111111111000000000000
00000000011111111111100000000000
00000000001111111111000000000000
00000000000111111100000000000000
00000000000111111000000000000000
00000000000011111100000000000000
00000000000111111110000000000000
00000000001111111110000000000000
00000000000111111111100000000000
00000000011111101111100000000000
00000000111111001111100000000000
00000000111110000111110000000000
00000000111111000011111000000000
00000000111110000011111100000000
00000001111100000011111100000000
00000000111100000001111110000000
00000001111100000001111110000000
00000001111100000111111100000000
00000000111111111111111100000000
00000000011111111111111000000000
00000000011111111111110000000000
00000000001111111111100000000000
