00000000000001111110000000000000
00000000000111111111100000000000
00000000011111111111110000000000
00000000111111111111110000000000
00000111111111111111111000000000
00000111111111111111111100000000
00000011111110000111111000000000
00000011110000000111111000000000
00000001100000001111110000000000
00001100000000001111100000000000
00001111000000001111100000000000
00011111100000011111000000000000
00001111110001111111000000000000
00000111111011111110000000000000
00000011111111111110000000000000
00000001111111111100000000000000
00000000111111111000000000000000
00000000111111110000000000000000
00000000111111100000000000000000
00000000011111110000000000000000
00000000111111110000000000000000
00000001111111110000000000000000
00000001111111111000000000000000
00000001111111111100000000000000
00000001111101111100000000000000
00000001111101111100000000000000
00000001111101111110000000000000
00000001111111111110000000000000
00000000011111111111000000000000
00000000011111111111100000000000
00000000001111111111000000000000
00000000000111111100000000000000
