00000000000000100000000000000000
00000000000111111000000000000000
00000000000111111100000000000000
00000000011111111111000000000000
00000000111111111111000000000000
00000000111110001111100000000000
00000001111100011111100000000000
00000011110000011110000000000000
00011111110000001111000000000000
00111111100000011110000000000000
00011111100000011111000000000000
00001111100000011110000000000000
00001111100000111110000000000000
00000111111000111100000000000000
00000011111000111100000000000000
00000000111111111100000000000000
00000000111111111000000000000000
00000000011111111000000000000000
00000000000111111000000000000000
00000000000111111000000000000000
00000000000011111100000000000000
00000000000111111110000000000000
00000000001111111110000000000000
00000000000111101111100000000000
00000000001111000111100000000000
00000000001111000011110000000000
00000000001111000011110000000000
00000000001111000111110000000000
00000000000111111111110000000000
00000000000111111111100000000000
00000000000001111111100000000000
00000000000000111111000000000000
