00000000001111111100000000000000
00000000011111111110000000000000
00000000111111111110000000000000
00000011111111111110000000000000
00000011111111111110000000000000
00000111111100011100000000000000
00000111111000001000000000000000
00000111110000000000000000000000
00001111110000000000000000000000
00001111110000000000000000000000
00000111110000000000000000000000
00000111110000000000000000000000
00000111111000000000000000000000
00000011111100000000001000000000
00000011111100000001111110000000
00000001111110000111111111000000
00000000111111001111111111000000
00000000111111111111111111000000
00000000011111111111111110000000
00000000011111111111110000000000
00000000011111111111000000000000
00000000111111111100000000000000
00000000111111111100000000000000
00000001111111111100000000000000
00000011111111111110000000000000
00000011111101111110000000000000
00000011111100111110000000000000
00000001111111111111000000000000
00000001111111111111000000000000
00000000111111111110000000000000
00000000111111111100000000000000
00000000011111111100000000000000
