00000000000100011110000000000000
00000000001111111110000000000000
00000001111111111111100000000000
00000001111111111111110000000000
00000011111111111111110000000000
00000111111111111111110000000000
00000111111111000011110000000000
00000111111100000001110000000000
00000011110000000000000000000000
00000111110000000000000000000000
00000111111000000000111000000000
00000011111100000011111100000000
00000011111111111111111110000000
00000001111111111111111100000000
00000000111111111111110000000000
00000000011111111111000000000000
00000000011111111100000000000000
00000000011111111100000000000000
00000000011111111100000000000000
00000000111111111100000000000000
00000001111111111110000000000000
00000001111101111110000000000000
00000001111000111111000000000000
00000011111000011111000000000000
00000011111000011111000000000000
00000011111000011111000000000000
00000011110000011111000000000000
00000011110001111111000000000000
00000001111111111100000000000000
00000001111111111100000000000000
00000000111111111100000000000000
00000000011111110000000000000000
