00000000000000100000000000000000
00000000000111111111100000000000
00000000011111111111110000000000
00000001111111111111111100000000
00000001111111111111111100000000
00000011111111100111111110000000
00000011111110000000111110000000
00000111111100000000011110000000
00000111111100000000011110000000
00000111111100000000111110000000
00000111111110000001111110000000
00000011111110000111111110000000
00000011111111011111111110000000
00000001111111111111111100000000
00000001111111111111110000000000
00000000011111111111100000000000
00000000001111111111000000000000
00000000001111111111000000000000
00000000011111111111000000000000
00000000111111111111100000000000
00000001111111111011110000000000
00000001111110011111110000000000
00000011111110001111111000000000
00000011111100001111111000000000
00000011111100000111111000000000
00000001111100000011111100000000
00000001110110000011111100000000
00000001111111101111111100000000
00000000111111111111110000000000
00000000011111111111110000000000
00000000001111111111000000000000
00000000000111111100000000000000
