00000000001000000000000000000000
00000000011000000000000000000000
00000011111100000000000000000000
00000011111110000000011000000000
00000011111111000000111100000000
00000011101111000001111110000000
00000001101111000111111110000000
00000001101111001111111100000000
00000001101111011111000000000000
00000001110111111110000000000000
00000001110011111110000000000000
00000000011111111000000000000000
00000000011111110000000000000000
00000000011111100000000000000000
00000000001111000000000000000000
00000000011111100000000000000000
00000000111111110000000000000000
00000001111111110000000000000000
00000001111011110000000000000000
00000001111000111000000000000000
00000011110000111000000000000000
00000011110000111000000000000000
00000011100000111000000000000000
00000011100000111000000000000000
00000111100000111000000000000000
00000111100000111000000000000000
00000111100001111000000000000000
00000011110011111000000000000000
00000011111111111000000000000000
00000011111111111000000000000000
00000001111111110000000000000000
00000000011111000000000000000000
