00000000000000111100000000000000
00000000000011111100000000000000
00000000001111111110000000000000
00000000001111111111000000000000
00000000111111111111011100000000
00000000111111111111011110000000
00000001111100000111111110000000
00000001111000000011111110000000
00000011110000000011111100000000
00000011110000000011111000000000
00000011110000001111100000000000
00000111110000001111000000000000
00000111110000011111000000000000
00000011110000111110000000000000
00000011111011111100000000000000
00000001111111111000000000000000
00000000111111110000000000000000
00000000111111110000000000000000
00000000011111110000000000000000
00000000001111110000000000000000
00000000001111111000000000000000
00000000011111111100000000000000
00000000011111111110000000000000
00000000011100011111000000000000
00000000011100011111000000000000
00000000011100001111000000000000
00000000011100001111100000000000
00000000011111111111100000000000
00000000011111111111100000000000
00000000001111111111000000000000
00000000001111111111000000000000
00000000000001100000000000000000
