00000000000000111110000000000000
00000000000001111111000000000000
00000011101111111111100000000000
00000000111111111111110000000000
00000000011111111111111000000000
00000000001111000111111110000000
00000000001111000111111110000000
00000000001111001111111110000000
00000000001111111110000000000000
00000000001111111100000000000000
00000000001111110000000000000000
00000000001111100000000000000000
00000000001111100000000000000000
00000000001111100000000000000000
00000000001111000000000000000000
00000000011111100000000000000000
00000000111111100000000000000000
00000000111011110000000000000000
00000001111001110000000000000000
00000011110000111000000000000000
00000011110000111000000000000000
00000011110000111000000000000000
00000111100000111000000000000000
00000111100000111000000000000000
00000111100001111000000000000000
00000111000011111000000000000000
00000111100011111000000000000000
00000111100111110000000000000000
00000011111111100000000000000000
00000011111111100000000000000000
00000000111111100000000000000000
00000000011110000000000000000000
