00000000000111110000000000000000
00000000001111110000000000000000
00000000111111111000000000000000
00000000111111111100000000000000
00000001111111111110001000000000
00000001111111111110011000000000
00000111111100000001111100000000
00000111111000000111111100000000
00000111111000000111111100000000
00001111100000000111111000000000
00001111100000001111110000000000
00001111100000011111110000000000
00000111110000001111110000000000
00000111110000001111110000000000
00000011111101111111000000000000
00000011111111111110000000000000
00000001111111111110000000000000
00000000111111111100000000000000
00000000011111111000000000000000
00000000011111111100000000000000
00000000111111111100000000000000
00000000011111111110000000000000
00000001111110011110000000000000
00000001111110011111000000000000
00000011111100001111000000000000
00000011111100001111000000000000
00000011111000111110000000000000
00000011111111111110000000000000
00000001111111111110000000000000
00000000111111111100000000000000
00000000001111111100000000000000
00000000000111100000000000000000
