00000000001111110000000000000000
00000000011111111000000000000000
00000001111111111100000000000000
00000111111111111111000000000000
00000111111111111111100000000000
00000111111001111111111000000000
00000011110000111111111100000000
00000111110000011111111100000000
00000111100000111111000000000000
00000111100000111110000000000000
00000011100001111110000000000000
00000011110011111100000000000000
00000011111111111000000000000000
00000001111111111100000000000000
00000000111111110000000000000000
00000000011111110000000000000000
00000000011111111000000000000000
00000000011111111000000000000000
00000000011111111000000000000000
00000000111111111100000000000000
00000000111111111100000000000000
00000000111111111100000000000000
00000000111111111100000000000000
00000000111111111000000000000000
00000011111111111000000000000000
00000011111111110000000000000000
00000011111111100000000000000000
00000001111111100000000000000000
00000001111111100000000000000000
00000001111111100000000000000000
00000001111100000000000000000000
00000000011000000000000000000000
