00000000000011110000000000000000
00000000000111110000000000000000
00000000111111111000000000000000
00000000011111111110000000000000
00000000111111111110000000000000
00000001111111111110000000000000
00000011111100001100000000000000
00000011111000000000111100000000
00000011110000000001111100000000
00000111100000111111111000000000
00000011100011111111111000000000
00000111100111001111100000000000
00000011110111111111100000000000
00000011111110111100000000000000
00000001111111110000000000000000
00000001111101000000000000000000
00000001111110000000000000000000
00000001110110000000000000000000
00000001111100000000000000000000
00000011111100000000000000000000
00000011111110000000000000000000
00000001111111000000000000000000
00000001111111000000000000000000
00000001111111100000000000000000
00000011111011100000000000000000
00000001111011100000000000000000
00000001111011100000000000000000
00000001111111110000000000000000
00000000111111110000000000000000
00000000111111110000000000000000
00000000011111110000000000000000
00000000000011100000000000000000
