00000000000000010100000000000000
00000000000111111111100000000000
00000000111111111111111000000000
00000000111111111111111100000000
00000000111111000001111100000000
00000001111100000000011110000000
00000011110000000000011111000000
00000011110000000000011111000000
00000011110000000000111111000000
00000011110000000000111110000000
00000001111000000011111100000000
00000001111000000111111000000000
00000001111100001111111000000000
00000011111100111111000000000000
00000000111111111110000000000000
00000000111111111100000000000000
00000000011111111000000000000000
00000000011111110000000000000000
00000000011111110000000000000000
00000000111111111000000000000000
00000001111111111000000000000000
00000001111111111100000000000000
00000011111000111100000000000000
00000011100000111110000000000000
00000011100000011110000000000000
00000001110000011110000000000000
00000001110000001110000000000000
00000011110000111100000000000000
00000001111000111100000000000000
00000000111111111100000000000000
00000000111111111000000000000000
00000000001111110000000000000000
