00000000000000101000000000000000
00000000000111111111100000000000
00000000001111111111110000000000
00000000111111111111110000000000
00000001111100000011110000000000
00000001111000000000111000000000
00000001111000000000111100000000
00000001111000000000011100000000
00000011110000000000001100000000
00000011111000000000001100000000
00000011110000000000011110000000
00000011110000000000011111000000
00000011110000000011111110000000
00000011110000000111111000000000
00000011111000000111111000000000
00000001111000011111100000000000
00000000111110111111000000000000
00000000111111111110000000000000
00000000011111111110000000000000
00000000001111111000000000000000
00000000001111111000000000000000
00000000001111111000000000000000
00000000001111111000000000000000
00000000011111111100000000000000
00000000011111111110000000000000
00000000011111111110000000000000
00000000011110011111000000000000
00000000011110001111000000000000
00000000011111011111000000000000
00000000001111111111000000000000
00000000001111111100000000000000
00000000000111111000000000000000
