00000000001111110000000000000000
00000000111111111100000000000000
00000001111111111110000000000000
00000011111111111110000000000000
00000111111111111110000000000000
00001111110000111110000110000000
00001111110000011110001111000000
00001111110000011110011111000000
00001111110000011110111110000000
00001111110000111111111100000000
00000111110001111111111000000000
00000111111000111111111000000000
00000011111000111111110000000000
00000011111101111111100000000000
00000001111111111111000000000000
00000001111111111100000000000000
00000001111111111000000000000000
00000000111111100000000000000000
00000000111111000000000000000000
00000001111111000000000000000000
00000001111111100000000000000000
00000001111111100000000000000000
00000011111111110000000000000000
00000011111111111000000000000000
00000011111011111000000000000000
00000011110011111100000000000000
00000011111011111100000000000000
00000011111101111100000000000000
00000001111111111110000000000000
00000001111111111110000000000000
00000001111111111100000000000000
00000000011111111000000000000000
