00000000000011111100000000000000
00000000011111111111000000000000
00000000111111111111100000000000
00000000111111111111100000000000
00000001111111111111110000000000
00000011111100000011111000000000
00000111111100000001111100000000
00001111111100000000111100000000
00001111111100000001111100000000
00001111111100000011111100000000
00000111111110000111111100000000
00000001111110001111111000000000
00000001111111111111110000000000
00000000111111111111111000000000
00000000001111111111100000000000
00000000001111111100000000000000
00000000011111111100000000000000
00000000111111111100000000000000
00000000111111111100000000000000
00000011111111111110000000000000
00000001111111011111000000000000
00000011111100001111100000000000
00000011111000001111100000000000
00000011110000001111100000000000
00000011100000000111100000000000
00000011100000001111100000000000
00000011100000001111100000000000
00000000110000000111110000000000
00000000111111111111100000000000
00000000111111111111000000000000
00000000001111111111000000000000
00000000000001111000000000000000
