00000000000011111100000000000000
00000000001111111111000000000000
00000000011111111111000000000000
00000000011111111111110000000000
00000000111111000011110000000000
00000001111110000011110000000000
00000011111000000011110000000000
00000011111000000001111000000000
00000011110000000011110000000000
00000011100000000011110000000000
00000011100000000111100000000000
00000001100000000111100000000000
00000001100000001111000000000000
00000011000000011110000000000000
00000111100001111100000000000000
00000011110000111100000000000000
00000111110001111000000000000000
00000011111111110000000000000000
00000001111111110000000000000000
00000000111111111000000000000000
00000000001111111111000000000000
00000000011111111111100000000000
00000000011110011111111000000000
00000000011110000111111100000000
00000000111100000000111110000000
00000000111100000000111110000000
00000000111100000000111111000000
00000000111110000011111110000000
00000000111111000111111100000000
00000000011111111111110000000000
00000000000011111111100000000000
00000000000001111111000000000000
