00000000000111110000000000000000
00000000001111111110000000000000
00000000111111111111110000000000
00000000111111111111110000000000
00000011111111111111111000000000
00000011111100010111111000000000
00000001111000000000111100000000
00000001100000000001111100000000
00000001000000000011111000000000
00000001000000000111111000000000
00000011000000001111111000000000
00000111111000111111100000000000
00000111111100111111000000000000
00000111111111111110000000000000
00000011111111111100000000000000
00000000011111111000000000000000
00000000001111110000000000000000
00000000001111111000000000000000
00000000011111111100000000000000
00000000011111111100000000000000
00000000011111011110000000000000
00000000011110001110000000000000
00000000111100001111000000000000
00000000111100001111000000000000
00000001111000000111000000000000
00000001111000001111000000000000
00000001110000011111000000000000
00000000111111111111000000000000
00000000111111111111000000000000
00000000111111111110000000000000
00000000011111111100000000000000
00000000001110000000000000000000
