00000000000000000111000000000000
00000000000011111111110000000000
00000000000111111111111000000000
00000000001111111111111100000000
00000000011111111111111100000000
00000000111111110011111100000000
00000000111110000011111100000000
00000000111110000111111000000000
00000000111110000111110000000000
00000010011110001111100000000000
00001110000100001111000000000000
00001111000000111110000000000000
00000111100000111111000000000000
00000111110001111110000000000000
00000011111011111110000000000000
00000011111111111000000000000000
00000001111111111000000000000000
00000000111111110000000000000000
00000000011111100000000000000000
00000000111111110000000000000000
00000001111111111000000000000000
00000000111111111111000000000000
00000000111110111111000000000000
00000001111110011111100000000000
00000000111110011111110000000000
00000000111110000111111000000000
00000000111111100011111000000000
00000000011111111111111000000000
00000000001111111111111000000000
00000000000111111111111000000000
00000000000000111111111100000000
00000000000000000111100000000000
