00000000000000011111000000000000
00000000000001111111100000000000
00000000001111111111111000000000
00000000011111111111111000000000
00000000111111111111111000000000
00000000111111000011111000000000
00000000011110000001111100000000
00001111111100000011111100000000
00001111111000000111111100000000
00001111111000000111110000000000
00000111111110011111100000000000
00000011111111111111100000000000
00000000111111111110000000000000
00000000001111111110000000000000
00000000001111111110000000000000
00000000000111111100000000000000
00000000001111111110000000000000
00000000001111111110000000000000
00000000011110011111000000000000
00000000111110001111000000000000
00000000011110000111100000000000
00000000011110000111110000000000
00000000111100000011110000000000
00000000111000000011110000000000
00000000111000000011110000000000
00000000111000000111110000000000
00000000111100001111110000000000
00000000011111011111111000000000
00000000001111111111100000000000
00000000001111111111100000000000
00000000001111111111000000000000
00000000000111111000000000000000
