00000000011110000011100000000000
00000000111110000011100000000000
00000001111111000111100000000000
00000001111111000011111000000000
00000011111111100011111000000000
00000011111001100111111000000000
00000011111111000111110000000000
00000011111001001111110000000000
00000001111000001111110000000000
00000001111100011111110000000000
00000001101100011111110000000000
00000000111111111111000000000000
00000000011111111110000000000000
00000000011111111100000000000000
00000000000111111110000000000000
00000000000111111100000000000000
00000000000111111000000000000000
00000000000111111000000000000000
00000000001111111000000000000000
00000000001111111000000000000000
00000000011111111100000000000000
00000000011111111100000000000000
00000000011111111100000000000000
00000000011111111100000000000000
00000000111111111000000000000000
00000000111111111100000000000000
00000000111111111100000000000000
00000000111111111000000000000000
00000001111111111000000000000000
00000001111111100000000000000000
00000000011111000000000000000000
00000000000110000000000000000000
