00000000111111110000010000000000
00000000111111111000111000000000
00000001111111111001111000000000
00000001111111111111111100000000
00000001111111111111111110000000
00000001111111011111111110000000
00000001111100000011111100000000
00000001111110000011111100000000
00000001111110000111111100000000
00000001111110001111111000000000
00000000011111111111110000000000
00000000011111111111100000000000
00000000001111111111000000000000
00000000001111111110000000000000
00000000001111111100000000000000
00000000001111111100000000000000
00000000001111110000000000000000
00000000001111110000000000000000
00000000011111111000000000000000
00000000011111111100000000000000
00000000111111111100000000000000
00000001111111111100000000000000
00000001111111111100000000000000
00000011111101111100000000000000
00000011111001111100000000000000
00000111111001111100000000000000
00000011111111111100000000000000
00000011111111111100000000000000
00000011111111111000000000000000
00000001111111110000000000000000
00000000011111100000000000000000
00000000000011000000000000000000
