00000000111110000000000000000000
00000011111111000000000000000000
00000011111111000011100000000000
00000001111111110011111000000000
00000011111111110011111100000000
00000011111111110011111100000000
00000111111111110011111110000000
00000011111100000001111110000000
00000111111000000001111100000000
00000111111000000001111100000000
00000011111000000011111000000000
00000011111100000111111000000000
00000001111100001111111000000000
00000001111110011111111000000000
00000001111111111111110000000000
00000000111111111111110000000000
00000000111111111111100000000000
00000000011111111111000000000000
00000000011111111110000000000000
00000000011111111110000000000000
00000000011111111000000000000000
00000000111111111000000000000000
00000001111111110000000000000000
00000001111111110000000000000000
00000111111111110000000000000000
00000111111111110000000000000000
00000111111111100000000000000000
00000111111111100000000000000000
00000111111111100000000000000000
00000011111111100000000000000000
00000001111111000000000000000000
00000000111110000000000000000000
