00000000011110000000000000000000
00000000111001000001100000000000
00000001111011100011100000000000
00000001111111110001111000000000
00000001111111110001111000000000
00000001111111111111111000000000
00000011111111111111110000000000
00000011111100011111110000000000
00000001111100000111111000000000
00000000011100001111110000000000
00000001111100001111100000000000
00000001111100011111100000000000
00000001111100111111100000000000
00000001111101111111000000000000
00000000011111111111000000000000
00000000011111111111000000000000
00000000001111111110000000000000
00000000001111111100000000000000
00000000001111111100000000000000
00000000000111111100000000000000
00000000001111111100000000000000
00000000011111111000000000000000
00000000011111111000000000000000
00000001111111111000000000000000
00000001111111111000000000000000
00000001111111111100000000000000
00000001111111111100000000000000
00000001111111111000000000000000
00000001111111111000000000000000
00000001111111000000000000000000
00000000011111100000000000000000
00000000001110000000000000000000
