00000000000000000000000000000000
00000000000111111110000000000000
00000000011111111111100000000000
00000000111111111111110000000000
00000000111111000111111000000000
00000000111100000011111000000000
00000001111000000011111000000000
00000001110000000011111000000000
00000001111000000111111000000000
00000000111000001111111000000000
00000001111000001111110000000000
00000001111100011111110000000000
00000000111111111111110000000000
00000000011111111111100000000000
00000000011111111111000000000000
00000000011111111110000000000000
00000000001111111110000000000000
00000000011111111110000000000000
00000000011111111110000000000000
00000000011111111111000000000000
00000000111110001111100000000000
00000000111100000111110000000000
00000001111100000011110000000000
00000011110000000011110000000000
00000011100000000011111000000000
00000011110000000011111000000000
00000001111000000011111000000000
00000001111100000111111000000000
00000000111111111111110000000000
00000000111111111111110000000000
00000000000000110000000000000000
00000000000000000000000000000000
