00000000000110000000000000000000
00000000111111110000000000000000
00000001111111110000000000000000
00000001111111111000000000000000
00000001111000111100000000000000
00000011110000011100000000000000
00000011110000111100000000000000
00000011110000011100000000000000
00000011110000011000000000000000
00000011110000011000000000000000
00000011110000111000000000000000
00000011110000111000000000000000
00000001111000111000000000000000
00000000111101111000000000000000
00000000111111111000000000000000
00000000011111100000000000000000
00000000001111100000000000000000
00000000001111111000000000000000
00000000111111111110000000000000
00000000111111111111000000000000
00000001111000111111110000000000
00000001111000000011111110000000
00000011111000000000011111000000
00000011110000000000001111000000
00000001110000000000000111000000
00000001110000000000000111000000
00000001100000000000001111000000
00000001100000000000001111000000
00000001110000000001111110000000
00000001111110111111111100000000
00000000011111111111111100000000
00000000000111111111100000000000
