00000000000011110000000000000000
00000000000111111111000000000000
00000000111111111111111100000000
00000001111111111111111100000000
00000011111000000001111110000000
00000011111000000000011111000000
00000011110000000000011110000000
00000011111000000000011110000000
00000011111000000000011110000000
00000001111100000000111110000000
00000001111110000011111100000000
00000000111110000111111000000000
00000000111111111111000000000000
00000000011111111100000000000000
00000000001111111100000000000000
00000000001111111100000000000000
00000000001111111100000000000000
00000000111111111111000000000000
00000000111110011111000000000000
00000000111110011111100000000000
00000000111100000111110000000000
00000000111000001111110000000000
00000000011000000111110000000000
00000000000000000011111000000000
00000111000000000001111000000000
00001111100000000001111000000000
00001111111000000001111000000000
00001111111111110001111000000000
00000011111111111111111000000000
00000000111111111111111000000000
00000000011111111111110000000000
00000000000000011111000000000000
