00000000000000001000000000000000
00000000000111111100000000000000
00000000111111111111000000000000
00000000111111111111000000000000
00000011111000001111100000000000
00000011111000000111100000000000
00000011110000000111000000000000
00000011110000000111000000000000
00000011110000001111000000000000
00000111110000001111000000000000
00000011110000001111000000000000
00000011111000001110000000000000
00000000111110011100000000000000
00000000111111111100000000000000
00000000001111111100000000000000
00000000000111111100000000000000
00000000000011111111000000000000
00000000000011111111100000000000
00000000000111111111110000000000
00000000001110000011111000000000
00000000011110000011111100000000
00000000111100000000111100000000
00000000111000000000111110000000
00000000110000000000011110000000
00000111100000000000011110000000
00000111100000000000011110000000
00000111110000000000111110000000
00000011110000000001111110000000
00000011111111100111111100000000
00000000111111111111110000000000
00000000111111111111100000000000
00000000000001001100000000000000
