00000000000011000000000000000000
00000000001111111000000000000000
00000000011111111100000000000000
00000000011111111110000000000000
00000000111110001110000000000000
00000000111100000110000000000000
00000001111100000110000000000000
00000011111000000110000000000000
00000001111000000011000000000000
00000001111000000011000000000000
00000001111000000111000000000000
00000001111000000111000000000000
00000001111000001111000000000000
00000001111000001110000000000000
00000000111100001111000000000000
00000000011110011110000000000000
00000000001111111110000000000000
00000000000111111100000000000000
00000000000011111000000000000000
00000000000001111110000000000000
00000000000011111111110000000000
00000000000111111111110000000000
00000000001111100011111100000000
00000000111111000000111110000000
00000001111110000000011111000000
00000000111100000000000111100000
00000000111000000000000111100000
00000000111000000000001111100000
00000000111100000001111111000000
00000000011111111111111100000000
00000000000111111111111000000000
00000000000011111111110000000000
