00000000000001100000000000000000
00000000001111111100000000000000
00000000011111111110000000000000
00000111111111111111000000000000
00000111111110001111000000000000
00000111111100000011110000000000
00000111111000000011100000000000
00000111110000000111100000000000
00001111100000000111100000000000
00001111100000001111100000000000
00000111110000001111100000000000
00000111110000111111100000000000
00000111111111111111000000000000
00000111111111111110000000000000
00000001111111111111100000000000
00000001111111111011110000000000
00000001111111100001111000000000
00000011111100000000111110000000
00000011111100000000111110000000
00000001111000000000001111000000
00000001111000000000001111000000
00000011111000000000001111000000
00000001111000000000001111000000
00000001111000000000001111100000
00000001111000000000011110000000
00000001111000000001111110000000
00000001111100000111111000000000
00000001111100001111111000000000
00000000011111111111110000000000
00000000011111111111110000000000
00000000011111111100000000000000
00000000001111111100000000000000
