00000000000011111111111100000000
00000000001111111111111111000000
00000000011111111111111111000000
00000001111111111111111110000000
00000001111111111111111111000000
00000001111100111111011111000000
00000011111000011111111111000000
00000011110000001111111110000000
00000011110000000111111110000000
00000001110000000011111100000000
00000001110000000011111000000000
00000001111000001111110000000000
00000011111000011111100000000000
00000001111111111111000000000000
00000001111111111110000000000000
00000000011111111100000000000000
00000000011111111110000000000000
00000000011111111110000000000000
00000000111111111111100000000000
00000000111111111111100000000000
00000000111110001111110000000000
00000001111000001111110000000000
00000011110000000111110000000000
00000011110000000111110000000000
00000011111000000011111000000000
00000001111000000011111000000000
00000001111110001111111000000000
00000001111111001111111000000000
00000000111111111111110000000000
00000000011111111111110000000000
00000000011111111111000000000000
00000000001111111110000000000000
