00000000000011100000000000000000
00000000001111111000101000000000
00000000011111111111111110000000
00000000011111111111111110000000
00000000111111111111111110000000
00000000111111111111111110000000
00000000111110111111111110000000
00000000111100011100011110000000
00000000111100001000111110000000
00000000111110000001111100000000
00000000111110000001111100000000
00000000011110000001111100000000
00000000011111000011111000000000
00000000011111100011111000000000
00000000001111100111110000000000
00000000001111111111110000000000
00000000000011111111000000000000
00000000000011111111000000000000
00000000001111111110000000000000
00000000111111111110000000000000
00000001111111111110000000000000
00000011111111001111000000000000
00000011111111001111100000000000
00000011111100000111100000000000
00000111110000000111110000000000
00000111110000000011110000000000
00000111111111000011111000000000
00000011111111110011111000000000
00000001111111111111111000000000
00000000011111111111111000000000
00000000001111111111111000000000
00000000000000111111100000000000
