00000000000001110000000000000000
00000000000011110000000000000000
00000000001111111110000000000000
00000000001111111111000000000000
00000000011111111111110000000000
00000000011111111111110000000000
00000000011111111111111000000000
00000000011111111111111100000000
00000000011111111001111100000000
00000000111110000001111000000000
00000000111100000001111000000000
00000000111100000011110000000000
00000000111100000011110000000000
00000000001111000011110000000000
00000000001111101111110000000000
00000000001111111111100000000000
00000000001111111111000000000000
00000000001111111111000000000000
00000000111111111110000000000000
00000001111111111110000000000000
00000001111111111111100000000000
00000001111111001111100000000000
00000001111000000011110000000000
00000011111000000011110000000000
00000011110000000001111000000000
00000011111000000001111000000000
00000001111100000001111100000000
00000000111111111111111110000000
00000000111111111111111110000000
00000000001111111111111110000000
00000000000011111111111100000000
00000000000000000111000000000000
