00000000000000000000000000000000
00000000000000011100000000000000
00000000000000111110000000000000
00000000000111111110000000000000
00000000001111111110000000000000
00000000001111111110000000000000
00000000011111111110000000000000
00000000111111100111000000000000
00000001111110000011100000000000
00000011111100000111110000000000
00000011111000001111110000000000
00000011111000001111110000000000
00000111111100011111110000000000
00000011111111111111111100000000
00000011111111111111111100000000
00000001111111111111011100000000
00000000111111111110001100000000
00000000011111111100001100000000
00000000001111111100001100000000
00000000001111111100001100000000
00000000000111111100000110000000
00000000000111111000001100000000
00000000000111110000001100000000
00000000001111100000001100000000
00000000001111000000001100000000
00000000011111000000011100000000
00000000001111110000111100000000
00000000001111111111111000000000
00000000000111111111110000000000
00000000000011111111100000000000
00000000000001110000000000000000
00000000000000000000000000000000
