00000000000111111111000000000000
00000000000111111111110000000000
00000000011111111111110000000000
00000000111111111111110000000000
00000000111111111111110000000000
00000000111111100011111000000000
00000001111110000111110000000000
00000001111110001111110000000000
00000000111110001111110000000000
00000000111110011111110000000000
00000000111111111111100000000000
00000000011111111111100000000000
00000000001111111110000000000000
00000000001111111100000000000000
00000000001111111100000000000000
00000000000111111111000000000000
00000000000111111110000000000000
00000000011111111100000000000000
00000000011111111110000000000000
00000000111111111110000000000000
00000001111111111111000000000000
00000001111110111111000000000000
00000001111100001111100000000000
00000001111100001111100000000000
00000011111100001111100000000000
00000001111100000111110000000000
00000001111100000111111000000000
00000001111100001111110000000000
00000000011111111111110000000000
00000000011111111111110000000000
00000000001111111111100000000000
00000000000111111110000000000000
