00000000000000001110000000000000
00000000000001111111100000000000
00000000000011111111111000000000
00000000000111111111111000000000
00000000001111111111111100000000
00000000001111000001111100000000
00000000011110000000111100000000
00000000011100000000111100000000
00000000111100000000111100000000
00000000111000000000111100000000
00000000111100000000111110000000
00000000111000000000111100000000
00000000111000000001111100000000
00000011111000000011111100000000
00000111111100000111110000000000
00000111111110001111100000000000
00000001111111111111000000000000
00000000001111111110000000000000
00000000000111111100000000000000
00000000000111111100000000000000
00000000000111111110000000000000
00000000001111111111000000000000
00000000001111001111000000000000
00000000000111000011110000000000
00000000000111000001111000000000
00000000000111000000111100000000
00000000000111000000111100000000
00000000000111110000111100000000
00000000000111111000111100000000
00000000000011111111111100000000
00000000000001111111111000000000
00000000000000001111100000000000
