00000000000000111100000000000000
00000000000111111111000000000000
00000000011111111111100000000000
00000001111111111111110000000000
00000011111111101111110000000000
00000001111100000000111000000000
00000001111000000000111000000000
00000001111000000001111000000000
00000011110000000001111000000000
00001111111000000011110000000000
00000111111000000011110000000000
00000111100000000111100000000000
00000111100000001111100000000000
00000011110000011111000000000000
00000001111100011111000000000000
00000000111111111110000000000000
00000000011111111100000000000000
00000000001111111000000000000000
00000000011111111000000000000000
00000000011111111110000000000000
00000000111111111110000000000000
00000001111110011111000000000000
00000001111000001111100000000000
00000000111100000011111000000000
00000000111000000001111000000000
00000001111000000001111100000000
00000000111000000001111100000000
00000000111100000011111000000000
00000000011110000011111100000000
00000000011111111111110000000000
00000000000111111111100000000000
00000000000011111111000000000000
