00000000000011100000000000000000
00000000000111111000000000000000
00000000011111111111110000000000
00000000011111111111111000000000
00000000011111111111111000000000
00000000011111111111111000000000
00000000011111111111111100000000
00000000011111111111111000000000
00000000011111111111111000000000
00000000011111111111111000000000
00000000011111111111111000000000
00000000011111111111111000000000
00000000001111111111111100000000
00000000001111111111110000000000
00000000000111111111100000000000
00000000001111111111000000000000
00000000001111111111000000000000
00000000011111111111000000000000
00000000111111111111000000000000
00000001111111111111000000000000
00000011111111111111100000000000
00000001111111111111110000000000
00000011111111011111110000000000
00000011111111001111110000000000
00000011111110001111111000000000
00000011111110001111111000000000
00000011111111001111111000000000
00000000111111111111110000000000
00000000111111111111110000000000
00000000011111111111100000000000
00000000000111111111110000000000
00000000000000111110000000000000
