00000000000000111011000000000000
00000000000001111111000000000000
00000000000111111111100000000000
00000000000111111111100000000000
00000000001111111111110000000000
00000000111111111111100000000000
00000000111111111111110000000000
00000001111111111111110000000000
00000001111111111111110000000000
00000001111111111111111000000000
00000011111111111111110000000000
00000011111111111111100000000000
00000001111111111111100000000000
00000000011111111111110000000000
00000000111111111111100000000000
00000000111111111111100000000000
00000000001111111111110000000000
00000000001111111111111000000000
00000000001111111111111100000000
00000000011111111111111000000000
00000000011111110001111000000000
00000000011111110001111100000000
00000000011111110000111100000000
00000000001111100001111000000000
00000000001111100001111000000000
00000000000111100001111000000000
00000000000111111001111000000000
00000000000111111111111000000000
00000000001111111111110000000000
00000000000111111111100000000000
00000000000011111111100000000000
00000000000000011100000000000000
