00000000000000011111110000000000
00000000000111111111111100000000
00000000001111111111111110000000
00000000111111111111111110000000
00000000111111111111111110000000
00000000111111111111111110000000
00000000111111111111111110000000
00000001111111111111111100000000
00000011111111111111111000000000
00000011111111001111110000000000
00000011111111101111100000000000
00000011111110011111100000000000
00000111111111111111000000000000
00000111111111111110000000000000
00000011111111111100000000000000
00000011111111111100000000000000
00000001111111111000000000000000
00000000111111111100000000000000
00000000001111111100000000000000
00000000001111111111000000000000
00000000111111111111000000000000
00000000111111111111100000000000
00000000111110011111100000000000
00000000111110001111100000000000
00000001111110001111110000000000
00000000111110001111110000000000
00000000111110001111110000000000
00000000111111111111110000000000
00000000011111111111100000000000
00000000001111111111000000000000
00000000000111111111000000000000
00000000000011110000000000000000
