00000000000000111111100000000000
00000000001111111111111000000000
00000000011111111111111000000000
00000000111111111111111100000000
00000000111110000000111100000000
00000001111110000000011100000000
00000111111000000000111100000000
00001111111000000011111100000000
00000011111000011111111100000000
00000001111001111111111100000000
00000001111111111111100000000000
00000001111111111100000000000000
00000000111111111100000000000000
00000000111111000000000000000000
00000000011111000000000000000000
00000000011111000000000000000000
00000000011111000000000000000000
00000000011111100000000000000000
00000000011111100000000000000000
00000000111111110000000000000000
00000000111111110000000000000000
00000000111101111000000000000000
00000000111101111100000000000000
00000001111000111110000000000000
00000001111000011111000000000000
00000001111000011111000000000000
00000001111100001111100000000000
00000000111110000111100000000000
00000000111110000111100000000000
00000000011111111111100000000000
00000000000111111111110000000000
00000000000001111111100000000000
