00000000000000000100000000000000
00000000000111111111100000000000
00000000001111111111110000000000
00000000011111111111111000000000
00000000111111110011111000000000
00000000111100000000111000000000
00000000111110000000011100000000
00000000111100000000111100000000
00000000111100000011111000000000
00000000111100001111110000000000
00000000111100111111110000000000
00000000011111111111000000000000
00000000011111111000000000000000
00000000000111110000000000000000
00000000011111110000000000000000
00000000111111110000000000000000
00000001111001111000000000000000
00000011110001111000000000000000
00000011110000111100000000000000
00000011100000111110000000000000
00000011100000001111000000000000
00000011100000000111100000000000
00000011100000000011110000000000
00000011100000000011110000000000
00000011110000000001111000000000
00000001110000000001111100000000
00000001111000000000111100000000
00000000011110000000011110000000
00000000001111110000011110000000
00000000001111111000011110000000
00000000000111111111111100000000
00000000000000011111111100000000
