00000000000000001000000000000000
00000000000000011111100000000000
00000000000001111111111000000000
00000000000001111111111000000000
00000000000011111111111100000000
00000000000011111111111100000000
00000000000011111001111100000000
00000000000011100000011100000000
00000000000111100000111100000000
00000000000111100001111100000000
00000000000011110001111100000000
00000000000011110111111100000000
00000000000011111111111000000000
00000000001111111111110000000000
00000001111111111111000000000000
00000011111111111000000000000000
00000011111111111000000000000000
00000011111101111000000000000000
00000011111001111000000000000000
00000111100000111000000000000000
00000111000000111100000000000000
00000011100000111100000000000000
00000011100000011100000000000000
00000001110000001110000000000000
00000000111000001111000000000000
00000000111100001111000000000000
00000000011111000111000000000000
00000000001111111111000000000000
00000000001111111111000000000000
00000000000001111111000000000000
00000000000000111110000000000000
00000000000000000100000000000000
