00000000000000000001110000000000
00000000000110000111111000000000
00000000011111111111111100000000
00000001111111111111111110000000
00000001111111111100011110000000
00000011111100111100001110000000
00000111110000011100011110000000
00000011100000000000111110000000
00000011100000000001111100000000
00000011100000000011111000000000
00000011110000000111110000000000
00000001111000011111100000000000
00000001111001111110000000000000
00000001111111111100000000000000
00000000111111111000000000000000
00000000111111100000000000000000
00000001111111100000000000000000
00000001111111100000000000000000
00000001111011110000000000000000
00000011100001111000000000000000
00000011100000111100000000000000
00000011100000011110000000000000
00000011100000011110000000000000
00000001100000001111000000000000
00000001110000000111100000000000
00000001110000000111100000000000
00000001111000000011110000000000
00000000111000000011100000000000
00000000111111011111100000000000
00000000011111111111100000000000
00000000000111111111000000000000
00000000000111111100000000000000
