00000000000000000000111100000000
00000000000000011111111110000000
00000000000001111111111110000000
00000000000011111111111110000000
00000000000111111111111100000000
00000000001111100000111110000000
00000000001111000000111110000000
00000000001111000000111100000000
00000000001111000000111100000000
00000000001111000000111110000000
00000000001111000001111110000000
00000000001111100001111110000000
00000000000111100111111110000000
00000000000111111111111110000000
00000000000011111111111110000000
00000000000001111111111110000000
00000000000000011100011110000000
00000000000000000000011110000000
00000000000000000000011110000000
00000000000000000000011110000000
00000000000000000000011110000000
00000000000000000000011110000000
00000000000000000000111110000000
00000011110000000000111110000000
00000111111000000000111100000000
00000111111100000000111100000000
00000011111110000000111100000000
00000001111111100000111100000000
00000000011111111111111100000000
00000000000001111111111000000000
00000000000000011111111000000000
00000000000000000011110000000000
