00000000000011100000000000000000
00000000001111110000000000000000
00000000111111111100000000000000
00000000011111111110000000000000
00000000011111111110000000000000
00000001111111111111000000000000
00000001111111111111000000000000
00000000111111011111100000000000
00000001111110011111110000000000
00000001111100011111110000000000
00000001111100011111110000000000
00000000111110001111111000000000
00000001111110011111111000000000
00000001111110011111111000000000
00000001111111111111111000000000
00000000111111111111111100000000
00000000011111111111111100000000
00000000001111111001111100000000
00000000000011110000011110000000
00000000000000000000011110000000
00000000000000000000011110000000
00000000000000000000011110000000
00000000000000000000001111100000
00000000000000000000001111000000
00000000000000000000001111000000
00000000000000000000011111000000
00000000000000000000001111100000
00000000001111111000111111100000
00000000011111111111111111000000
00000000111111111111111111000000
00000000011111111111111111000000
00000000000001111111110000000000
