00000000000101000000000000000000
00000000111111111111000000000000
00000001111111111111100000000000
00000011111111111111110000000000
00000011111111111111111000000000
00001111111101111111110000000000
00000111111000000111111000000000
00000111110000000011111000000000
00000111110000000011111100000000
00001111100000000011111100000000
00001111100000000111111100000000
00001111100000011111111100000000
00001111100000111111111100000000
00000111111111111111111110000000
00000111111111111111111110000000
00000011111111111111111110000000
00000001111111111111111110000000
00000000011111100001111110000000
00000000000100000001111110000000
00000000000000000000111110000000
00000000000000000000011111000000
00000000000000000000011111000000
00000000000000000000111110000000
00000000000000000001111110000000
00000000000000000001111100000000
00000000010000001111111100000000
00000001111111111111111100000000
00000001111111111111111000000000
00000001111111111111111000000000
00000001111111111111000000000000
00000001111111111100000000000000
00000000011110000000000000000000
