00000000000000011000000000000000
00000000000111111111000000000000
00000000000111111111100000000000
00000000011111111111100000000000
00000000111111111111100000000000
00000001111110000111111110000000
00000011111000000011111110000000
00000011111000000011111110000000
00000011110000000011111110000000
00000011100000000011111100000000
00000011100000000011111100000000
00000111100000000111111000000000
00000011100000001111111000000000
00000111100000011111110000000000
00000011100000111111110000000000
00000011110011111111100000000000
00000001111111111111100000000000
00000001111111111111000000000000
00000000111111011111000000000000
00000000111110011111000000000000
00000000000000011110000000000000
00000000000000111100000000000000
00000000000000111100000000000000
00000000000001111000000000000000
00000000000001111000000000000000
00000000000011110000000000000000
00000000000011110000000000000000
00000000000011110000000000000000
00000000000111111000000000000000
00000000000111111000000000000000
00000000001111100000000000000000
00000000001111000000000000000000
