00000000000000011110000000000000
00000000000000011110000000000000
00000000000011111111000000000000
00000000001111111111000000000000
00000000111111111110000000000000
00000000111111111110011000000000
00000001111111100111111000000000
00000001111100000111111100000000
00000011111000000011111100000000
00000010111000000001111100000000
00000001110000000011111100000000
00000011111000000011111100000000
00000011111111111111111000000000
00000001111111111111111000000000
00000001111111111111111000000000
00000000111111111101111000000000
00000000011111111000111000000000
00000000000111000000111100000000
00000000000000000000011100000000
00000000000000000000011100000000
00000000000000000000011100000000
00000000000000000000111000000000
00000000000000000000111000000000
00000000000000000000111100000000
00000000000000000000011100000000
00000000000110000000011100000000
00000000000111000000111100000000
00000000000111111000111100000000
00000000000011111111111100000000
00000000000011111111111000000000
00000000000011111111110000000000
00000000000000011111000000000000
