00000000001110000000000000000000
00000000111111110000000000000000
00000001111111111000000000000000
00000011111111111100000000000000
00000111111111111111000000000000
00000111111000111111000000000000
00000111111000011111100000000000
00000111100000001111110000000000
00000111100000001111110000000000
00000111100000001111111000000000
00000011110000000111111100000000
00000011111100001111111100000000
00000011111111111111111110000000
00000001111111111111111110000000
00000000111111111111111110000000
00000000111111110001111110000000
00000000000000000000111110000000
00000000000000000000111110000000
00000000000000000000111110000000
00000000000000000000111110000000
00000000000000000000111110000000
00000000000000000000111110000000
00000011000000000000111110000000
00000001100000000000011111000000
00000011100000000000111110000000
00000011110000000000111110000000
00000011111000000000111100000000
00000011111110000011111100000000
00000001111111111111111000000000
00000001111111111111111000000000
00000000011111111111000000000000
00000000000111111110000000000000
