00000000000000111100000000000000
00000000001111111111100000000000
00000000011111111111110000000000
00000000111111111111111000000000
00000000111111111111111000000000
00000011111111000001111100000000
00000011111100000001111100000000
00000111111000000001111110000000
00000111110000000000111110000000
00000111100000000001111110000000
00000111100000000001111110000000
00000111100000000001111110000000
00000111110000000001111110000000
00000111111100000111111110000000
00000111111111111111111110000000
00000011111111111111111110000000
00000000111111111110111110000000
00000000011111110000111110000000
00000000000000000000111110000000
00000000000000000000111110000000
00000000000000000000111110000000
00000000000000000000111110000000
00000000000000000000111110000000
00000000000000000000111110000000
00000000011100000000111110000000
00000000111100000000111100000000
00000000111111000011111000000000
00000000111111100111111000000000
00000000011111111111110000000000
00000000011111111111110000000000
00000000000111111111000000000000
00000000000011111110000000000000
