00000000000100000000000000000000
00000000001111100000000000000000
00000000111111111000000000000000
00000000111111111100000000000000
00000011111111111111100000000000
00000011111000011111110000000000
00000011110000001111111000000000
00000011110000001111111000000000
00000001111000000111111100000000
00000000111100000111111100000000
00000000111101111111111100000000
00000000111111111111111100000000
00000000011111111110011100000000
00000000011111111110011100000000
00000000001111111100001110000000
00000000000000000000001110000000
00000000000000000000001110000000
00000000000000000000001110000000
00000000000000000000011110000000
00000000000000000000001111000000
00000000000000000000001110000000
00000000000000000000011110000000
00000000000000000000011110000000
00000000000000000001111100000000
00000000000000000001111100000000
00000000000000000001111100000000
00000000000000011111111000000000
00000000011001111111111000000000
00000001111111111111100000000000
00000000111111111111000000000000
00000000011111111110000000000000
00000000001111100000000000000000
