00000000000011000000000000000000
00000000001111100000000000000000
00000000111111111000000000000000
00000001111111111100000000000000
00000011111111111100000000000000
00000111110000111111000000000000
00001111110000011111000000000000
00000111110000001111110000000000
00000111100000000111110000000000
00001111110000000111110000000000
00000111111100000011111100000000
00000011111100000001111110000000
00000111111110001111111110000000
00000011111111111111111110000000
00000011111111111111111110000000
00000001111111111111111110000000
00000000011111111111011110000000
00000000000000101110011110000000
00000000000000000000011110000000
00000000000000000000111100000000
00000000000000000000111100000000
00000000000000000001111100000000
00000000000000000111111000000000
00000000000000000011111100000000
00000000000000000111111000000000
00000000000000011111110000000000
00000000000000111111100000000000
00000000000011111111000000000000
00000000111111111100000000000000
00000000111111111000000000000000
00000000111111110000000000000000
00000000001100000000000000000000
