00000000000011111100000000000000
00000000001111111110000000000000
00000000111111111111111100000000
00000000111111111111111110000000
00000001111110000001111110000000
00000011111100000001111110000000
00000011111000000000111110000000
00000011100000000000011110000000
00000111100000000000111110000000
00000011100000000000111110000000
00000111100000000111111110000000
00000011111000111111111110000000
00000000111111111100011110000000
00000000111111111000011110000000
00000000011111110000011110000000
00000000000000000000011110000000
00000000000000000000011110000000
00000000000000000000011110000000
00000000000000000000011100000000
00000000000000000000011100000000
00000000000000000000011100000000
00000000000000000000111100000000
00000000000000000000111100000000
00000000000000000001111000000000
00000000000000000011111000000000
00000000000000000011111000000000
00000000000000000111110000000000
00000000000000001111100000000000
00000000111111111111000000000000
00000000111111111111000000000000
00000000001111111110000000000000
00000000000011111000000000000000
