00000000000000000001110000000000
00000000000000000011111000000000
00000000000000111111111100000000
00000000000011111111111100000000
00000000000111111111111100000000
00000000001111111111111100000000
00000000011111111100111100000000
00000000111111000000011100000000
00000001111110000000111000000000
00000011111100000001111000000000
00000011111000000011111000000000
00000011111100001111111000000000
00000001111111111111111000000000
00000001111111111111111000000000
00000001111111111111111000000000
00000000111111111111111100000000
00000000011111101111111100000000
00000000000000000001111110000000
00000000000000000000111110000000
00000000000000000001111100000000
00000000000000000001111100000000
00000000000000000001111000000000
00000000000000000001111000000000
00000000000000000011111000000000
00000000000000000011110000000000
00000000000000001111000000000000
00000000000000111111000000000000
00000000000001111110000000000000
00000000000001111110000000000000
00000000000000111110000000000000
00000000000001111000000000000000
00000000000001100000000000000000
