00000000000000010000000000000000
00000000000001111111000000000000
00000000000111111111110000000000
00000000001111111111111000000000
00000000111111111111111000000000
00000000111111100011111000000000
00000001111100000111110000000000
00000011111100000001111000000000
00000011111100000001111000000000
00000001111100000011111000000000
00000001111110000111111100000000
00000001111111011111111110000000
00000000011111111111111011000000
00000000011111111111001110000000
00000000011111111100011110000000
00000000001111111000011110000000
00000000000000000000011110000000
00000000000000000000011110000000
00000000000000000000001110000000
00000000000000000000001110000000
00000000000000000000111100000000
00000000000000000000111100000000
00000000000000000000111100000000
00000000000000000000111100000000
00000000000010000000111100000000
00000000000010000000111100000000
00000000000111110000111100000000
00000000001111111111111000000000
00000000001111111111110000000000
00000000000111111111110000000000
00000000000011111111000000000000
00000000000000011110000000000000
