00000000000000000001111111000000
00000000000000000111111111000000
00000000000000111111111111100000
00000000000011111111111111100000
00000000000111111111111111100000
00000000001111111111011111100000
00000000011111111100011111110000
00000000111111110000011111110000
00000000111111100000111111110000
00000001111111000111111111110000
00000011111111111111111111100000
00000111111111111111111111100000
00000011111111111111111111100000
00000001111111111111111111100000
00000001111111111000111111000000
00000000111111100001111111000000
00000000000000000001111111000000
00000000000000000001111110000000
00000000000000000001111110000000
00000000000000000011111100000000
00000000000000000011111100000000
00000000000000000011111100000000
00000000000000000111111100000000
00000000000000001111110000000000
00000000000000001111110000000000
00000000000000001111110000000000
00000000000000001111110000000000
00000000000000001111110000000000
00000000000000011111100000000000
00000000000000111111100000000000
00000000000000011111100000000000
00000000000000011111100000000000
