00000000001111100000000000000000
00000000111111111000000000000000
00000000111111111100000000000000
00000011111111111100000000000000
00000111111100111110000000000000
00000111111100111110000000000000
00000111111000011111000000000000
00000111111000111111100000000000
00000111110000011111100000000000
00000111110000011111100000000000
00000111100000001111110000000000
00000111110000000111110000000000
00000111111000000111110000000000
00000011111100000011111000000000
00000001111111111111111100000000
00000000111111111111111100000000
00000000001111111111111110000000
00000000000011111101111100000000
00000000000000000001111110000000
00000000000000000000111110000000
00000000000000000000011111000000
00000000000000000000011111000000
00000000000000000000011111000000
00000000000000000000011111000000
00000000000000000000011111000000
00000001100000000000011111000000
00000011111100000000111111000000
00000001111111111111111111000000
00000001111111111111111111000000
00000000111111111111111110000000
00000000001111111111111100000000
00000000000011111111110000000000
