00000000000000001000000000000000
00000000000111111111000000000000
00000000001111111111100000000000
00000000001111111111111000000000
00000000111111000001111000000000
00000001111110000000111000000000
00000011111000000000111100000000
00000011110000000000111100000000
00000111100000000001111100000000
00000111100000000001111100000000
00001111000000000011111100000000
00001111000000000011111100000000
00000111100000000001111100000000
00000111110000000011111100000000
00000011111110111111111100000000
00000011111111111111111100000000
00000001111111111111111100000000
00000000111111111100111100000000
00000000001111110000111100000000
00000000000000000000111100000000
00000000000000000000111100000000
00000000000000000000001110000000
00000000000000000000011110000000
00000000000000000000001110000000
00000000000000000000001110000000
00000000000000000000001111000000
00000000000000000000001111000000
00000000000000000000001111000000
00000000000111110000001111000000
00000000001111111111111111000000
00000000000111111111111111000000
00000000000011000111111111000000
