00000000000111110000000000000000
00000000011111111100000000000000
00000000111111111110000000000000
00000000111111111111100000000000
00000000111111001111110000000000
00000000111100000011110000000000
00000001111000000011110000000000
00000001110000000011110000000000
00000001110000000011110000000000
00000011111000000011110000000000
00000011111000000011110000000000
00000011111100000001111000000000
00000111111110000001111000000000
00000111100111000001111000000000
00000011111011000011111000000000
00000011111111001111111100000000
00000001111111111111111100000000
00000000111111111111111100000000
00000000001111111100111100000000
00000000000000000000011100000000
00000000000000000000011110000000
00000000000000000000011110000000
00000000000000000000001110000000
00000000000000000000001110000000
00000000000000000000001110000000
00000000000000000000001110000000
00000000111100000000011110000000
00000000111111000000011100000000
00000000111111110011111100000000
00000000111111111111111000000000
00000000000111111111111000000000
00000000000001111111110000000000
