00000000000001100000000000000000
00000000000111111100000000000000
00000000011111111110000000000000
00000011111111111110000000000000
00000011111000111111000000000000
00000111100000001111000000000000
00000111100000011111000000000000
00000111100000111111000000000000
00000111100000111111100000000000
00000011100000011111100000000000
00000011110000001111100000000000
00000011110000000111110000000000
00000011111000000111111000000000
00000011110000000111111000000000
00000001111000011111111000000000
00000000111111111111111000000000
00000000011111111100111100000000
00000000011111111000111110000000
00000000001111100000111110000000
00000000000000000000011110000000
00000000000000000000011110000000
00000000000000000000011110000000
00000000000000000000011110000000
00000000000000000000011110000000
00000000000000000000011110000000
00000000000000000000111110000000
00000000001000000000111100000000
00000000011100000000111100000000
00000000111100000011111000000000
00000000011111111111110000000000
00000000111111111111000000000000
00000000011111111100000000000000
