00000000000001111110000000000000
00000000000011111111000000000000
00000000001111111111100000000000
00000000001111111111111000000000
00000000001111111111111000000000
00000000011111111111111100000000
00000000011111110111111100000000
00000000011111000011111000000000
00000000001111100011111110000000
00000000001111100111111110000000
00000000001111111111111110000000
00000000001111111111111110000000
00000000000111111111111110000000
00000000000011111111111110000000
00000000000000111111011111000000
00000000000000011110011111000000
00000000000000000000011111000000
00000010000000000000011111000000
00000111000000000000011111000000
00000111110000000000001111100000
00000011110000000000011111000000
00000011110000000000011111000000
00000011110000000000011111000000
00000011111000000000111110000000
00000011111100000000111110000000
00000000111110000000111111000000
00000000111111000000111111000000
00000000011111111111111110000000
00000000001111111111111110000000
00000000001111111111111100000000
00000000000011111111111100000000
00000000000000111111111000000000
